Taxonomy	SRR28210342	SRR28210343	SRR28210344	SRR28210345	SRR28210346	SRR28210347	SRR28210348	SRR28210349	SRR28210350	SRR28210351	SRR28210352	SRR28210353	SRR28210354	SRR28210355	SRR28210356	SRR28210357	SRR28210358	SRR28210359	SRR28210360	SRR28210361	SRR28210362	SRR28210363	SRR28210364	SRR28210365	SRR28210366	SRR28210367	SRR28210368	SRR28210369	SRR28210370	SRR28210371	SRR28210372	SRR28210373	SRR28210374	SRR28210375	SRR28210376	SRR28210377	SRR28210378	SRR28210379	SRR28210380	SRR28210381
Acidobacteriota	8895	8270	5186	5800	1993	6159	1776	1334	1650	2373	2000	5469	768	1127	2579	1845	3045	2437	2923	3780	612	687	1223	3934	1649	1751	1749	5648	1627	2659	4134	3626	3123	1994	1410	2727	3195	3501	6640	4411
Actinomycetota	4493569	4074611	6467311	8919472	2833452	2368932	2028456	10972934	4335137	972734	2689390	7355953	9062159	13202914	3821360	5028105	3204094	2998121	4521067	1514955	11925271	1567339	2697779	2584676	4306410	2254883	752114	8276215	4645216	366349	7813130	1459009	2258270	2999177	6373607	1802967	11285026	4567838	5263867	13254058
Apicomplexa	5004	4899	2210	3097	983	3244	2486	562	1726	2125	1761	2632	1090	914	1026	1657	3307	1482	2353	1321	1507	1490	2536	1998	1033	2782	1674	2177	1866	1349	3026	2328	2280	956	1727	1485	2058	3118	4872	3137
Aquificota	904	723	516	406	145	443	88	76	112	476	295	631	166	127	198	112	434	187	219	114	148	75	167	271	235	190	320	195	592	149	436	469	649	114	250	194	184	485	703	599
Armatimonadota	606	652	352	376	236	444	121	113	171	421	207	313	49	49	211	40	236	120	291	232	139	45	84	258	119	159	221	238	122	178	294	227	317	94	47	349	145	158	669	102
Artverviricota	257	182	0	211	32	41	0	91	27	6	4	63	62	34	18	2	87	49	34	7	18	0	20	63	42	57	43	8	4	55	96	101	27	9	21	38	37	158	214	15
Ascomycota	10462	11949	7673	7404	2485	8063	4858	1980	4706	5078	4237	4538	1374	2132	3991	3880	6629	4133	4327	3854	4582	1762	4250	5559	2985	4622	3171	6755	3945	5016	6821	5968	4577	2863	3505	7236	4786	5781	11017	8720
Atribacterota	269	84	122	138	24	46	151	120	38	65	129	36	4	31	14	31	100	18	28	98	13	9	25	21	80	20	32	54	45	74	61	70	235	10	28	58	23	29	94	383
Bacillariophyta	199	249	84	114	64	107	21	102	10	175	103	51	18	32	71	60	64	83	36	57	80	24	27	71	31	47	41	144	143	56	124	120	54	79	33	75	82	84	173	170
Bacillota	27223371	21025380	39502290	27591131	12337545	23444379	20282946	11269811	13668648	22368842	9944464	7076511	2904972	16382067	19788556	24571327	22966922	20759054	15440158	9733222	20231704	24093254	16854412	14645231	15830345	10038581	14632197	20550548	16602156	18685327	18510688	16623962	10171834	15786826	22668349	18716976	30529418	23179594	13715595	32319345
Bacteroidota	6384033	20516076	3431853	5556474	8934148	20828677	1276712	2454889	8512651	1949847	12148205	9060474	8905024	190130	4390701	1015818	16026144	2418218	3330101	12592850	409193	611964	4061042	5903652	9602185	12040702	11277671	20455944	2660792	8030557	727831	5024665	10130058	8997154	1168864	6988533	5091535	21859781	26006512	2980784
Balneolota	158	320	108	165	97	247	27	16	58	15	63	39	9	14	0	26	89	117	39	207	0	7	40	103	58	135	69	125	23	59	28	90	62	31	4	56	19	224	688	35
Basidiomycota	3004	2214	1611	2096	703	2644	765	606	613	1540	946	1055	416	499	864	809	1492	1005	997	961	562	484	768	1426	924	1016	961	1920	1231	1093	1439	1366	1222	610	1156	1021	1245	1472	2192	2371
Bdellovibrionota	2017	1579	808	942	422	1778	603	252	828	730	656	916	262	302	314	306	1187	406	1102	458	318	172	521	592	309	1180	396	653	728	544	889	947	717	457	517	636	1136	1325	1730	2162
Caldisericota	264	47	12	13	2	312	40	1	31	28	35	12	11	4	41	14	77	11	5	32	10	160	17	17	8	19	6	14	58	32	17	34	18	46	14	26	36	36	76	12
Calditrichota	91	265	35	226	28	217	580	28	30	27	95	42	35	4	61	14	112	17	61	26	20	47	714	530	50	110	34	27	189	64	147	210	241	40	175	14	40	262	681	561
Campylobacterota	39651	60212	31050	36634	28188	16712	18023	6551	19808	41637	9263	18588	4213	14819	16865	15187	13903	29317	8661	12464	27182	20358	11454	12689	16124	39947	12022	13442	12048	33465	24289	21671	40080	12587	25696	18611	23360	17679	18965	75417
Candidatus Absconditabacteria	27	213	79	188	6	441	6	2	11	61	94	26	161	1	28	30	279	54	6	2	52	14	1	134	1	27	56	2	117	14	25	7	197	12	163	18	10	231	207	495
Candidatus Bipolaricaulota	39	34	86	21	13	30	2	5	9	34	15	16	3	0	9	2	9	1	7	53	0	9	1116	13	10	11	4	17	3	4	5	101	18	2	0	12	8	23	70	6
Candidatus Cloacimonadota	143	74	144	42	35	86	26	23	14	195	28	21	2	21	16	11	58	16	23	7	3	39	42	16	13	29	21	49	39	74	16	93	24	21	11	21	18	37	14	38
Candidatus Fervidibacterota	28	29	63	23	74	31	30	58	0	53	16	19	4	10	77	36	35	32	29	13	70	12	54	32	2	26	40	85	37	2	28	52	8	24	26	22	74	56	997	144
Candidatus Lokiarchaeota	46	140	92	142	43	185	80	25	62	40	54	74	28	25	35	43	175	35	36	34	43	38	74	75	46	54	39	75	122	55	140	106	135	47	64	55	92	113	120	176
Candidatus Micrarchaeota	8	6	3	5	1	1	0	0	0	0	0	9	0	1	0	4	0	0	1	8	0	0	0	0	12	3	0	0	1	2	3	8	0	1	0	0	1	1	43	0
Candidatus Nanohalarchaeota	5	16	1	0	0	1	6	1	3	0	0	5	0	0	29	43	2	2	2	5	0	6	0	7	1	4	34	0	18	0	5	2	0	4	2	0	1	5	2	6
Candidatus Omnitrophota	197	198	177	114	81	153	12	54	31	61	51	49	13	30	42	27	93	22	62	139	45	20	16	97	2	39	34	232	64	49	146	105	57	57	32	142	94	63	107	154
Candidatus Saccharibacteria	1861	2223	5078	3993	1925	1263	1249	695	2455	2211	219	3663	1062	7461	6567	1724	347	1478	2034	440	42702	2199	1102	1601	11747	740	1656	1025	4057	1034	584	2907	1631	2005	4418	486	1519	909	846	12123
Candidatus Thermoplasmatota	558	425	278	202	174	391	165	113	184	219	101	301	91	97	166	221	315	105	223	243	327	147	167	393	70	153	115	299	472	210	404	331	183	135	103	151	345	458	469	340
Cercozoa	0	5	1	6	0	0	1	0	0	0	1	9	0	1	0	0	12	1	0	2	1	0	2	0	1	0	10	1	2	0	5	0	3	0	1	20	9	0	0	18
Chlamydiota	748	816	693	355	167	753	313	210	197	438	307	325	113	56	365	117	484	563	385	143	244	707	154	392	152	181	307	351	445	567	417	340	366	131	291	483	453	313	776	578
Chlorobiota	3478	3090	2224	2221	690	2031	670	409	818	1077	750	1255	285	236	932	444	1512	928	1196	1514	328	457	1279	1429	690	1218	918	1713	716	941	1049	1297	1692	783	711	924	921	1683	3561	1696
Chloroflexota	6458	5383	2917	3839	1099	3661	1340	633	1680	1449	1349	3233	436	731	1367	1270	4291	1899	1288	1759	543	297	1728	2812	951	1111	1321	2790	760	1698	3032	2875	1850	1679	1205	1347	2418	3169	4302	1935
Chlorophyta	2045	1476	988	1054	293	927	178	262	368	321	390	630	111	155	750	450	494	368	660	457	231	209	401	1114	265	320	409	1042	325	376	849	862	650	424	293	556	729	377	1036	508
Chordata	65649	57908	32765	40741	13957	39239	36067	66685	16312	30382	22416	37640	28781	12709	17796	18055	40299	21673	23055	21489	16772	18164	24906	24762	17457	24566	20020	28330	28122	21691	32473	33349	35735	12939	23404	20732	26893	30950	47127	38976
Chrysiogenota	200	251	50	107	35	47	44	24	34	65	22	198	10	4	15	23	32	92	55	23	13	40	103	23	52	12	40	44	25	77	29	66	32	29	19	47	20	116	88	52
Ciliophora	2	77	11	104	5	1	2	1	1	28	26	0	0	1	0	1	13	2	1	3	0	40	3	0	29	0	1	1	56	3	55	40	85	10	1	0	0	2	0	2
Coprothermobacterota	5	30	26	25	10	1	1	4	1	7	12	8	6	11	4	3	11	1	4	9	1	8	5	3	11	0	26	15	13	20	2	12	4	1	5	9	32	0	9	0
Cossaviricota	6	0	0	7	0	3	1	1	7	5	3	1	0	6	7	1	4	2	2	1	0	5	12	2	1	3	0	5	8	0	2	4	1	0	0	0	9	5	1	23
Cressdnaviricota	6	10	11	7	3	12	4	2	1	3	2	2	0	1	0	1	9	20	4	1	0	1	0	3	3	5	21	6	0	6	4	34	1	2	0	5	8	6	4	3
Cyanobacteriota	18565	19760	12273	12355	3820	13423	7664	2830	5221	8260	6256	9895	2815	3159	6477	3422	11424	5732	8579	6182	3367	2545	7029	10090	4272	6841	5519	9432	6359	7074	9111	9344	8933	4330	5719	6235	8836	10082	19903	12890
Deferribacterota	1624	1022	488	1382	204	829	698	580	430	323	626	541	269	111	161	169	660	201	412	215	271	162	920	1522	331	613	303	329	485	457	938	668	741	134	320	275	187	1085	1221	581
Deinococcota	11318	9083	6351	6403	1909	7376	1745	1413	1858	2571	2187	4741	536	1334	2695	2041	4078	2529	4000	3064	812	763	1721	4866	1696	1676	2145	6687	1360	4961	5542	4475	3283	2591	1437	3619	4315	2985	7650	3244
Dictyoglomota	380	356	281	195	30	134	214	32	123	155	47	376	17	74	51	26	56	59	81	154	36	53	251	275	208	63	60	117	141	91	109	248	178	33	52	34	80	145	133	81
Dividoviricota	1	2	0	0	0	143	36	0	0	68	106	1	0	0	84	0	0	1	0	93	18	0	116	0	1	0	1	0	55	131	0	0	0	25	230	0	0	0	0	33
Duplornaviricota	186	41	6	3	5	13	25	3	29	4	1	8	0	9	15	11	3	23	1	7	0	0	2	3	3	19	2	9	10	1	9	4	2	5	1	2	8	0	1	0
Elusimicrobiota	366	297	342	316	58	89	339	40	72	220	122	845	56	26	52	42	65	74	102	56	25	74	186	62	125	212	66	56	124	135	177	91	115	40	129	31	73	120	548	169
Euglenozoa	1816	1390	907	995	457	1356	771	237	412	623	320	932	83	272	406	282	1006	545	514	955	246	190	368	633	387	416	528	1090	273	726	1021	722	404	502	592	440	931	866	1492	1094
Euryarchaeota	20564	519502	13951	13438	4424	16054	6146	3181	4405	6914	5652	9841	2721	3019	5599	5471	9709	5619	6954	6705	3166	2690	4791	9862	4900	6295	5248	12134	6045	7346	11136	10510	7851	5228	4290	7856	11158	9251	16120	16463
Evosea	296	415	120	198	63	361	97	27	74	42	78	166	115	56	64	87	250	132	148	30	168	89	163	208	85	163	136	66	129	52	209	105	142	52	273	112	94	195	216	301
Fibrobacterota	498	628	234	647	157	590	199	77	141	346	334	483	26	77	269	206	417	321	602	201	113	106	445	887	33	121	352	525	281	266	267	326	504	256	214	182	282	380	611	375
Fornicata	105	214	50	51	36	98	47	36	45	34	49	65	19	31	19	36	103	26	58	41	11	33	19	50	26	24	20	58	76	21	121	81	27	25	79	20	180	48	87	37
Fusobacteriota	19231	10839	5638	10186	2957	9064	6558	3542	3569	6705	4004	10566	2380	2636	3496	5386	8439	3504	2592	3935	4383	2447	8132	3910	18289	3580	6752	4520	66633	4140	6472	7493	3435	2222	7217	3709	6985	8790	10694	10016
Gemmatimonadota	1121	950	519	421	302	531	149	78	240	111	215	550	150	115	214	79	247	163	273	278	43	69	103	432	180	266	231	427	273	160	283	401	275	183	74	296	531	217	998	172
Heterolobosea	0	0	0	0	0	0	0	0	0	0	0	0	0	0	0	0	0	0	0	0	0	0	0	0	0	0	0	0	0	0	0	0	0	0	0	0	0	0	0	0
Hofneiviricota	0	0	39	1	0	0	0	7	3	0	22	0	0	0	0	0	1	0	0	1	0	0	0	8	0	3	0	36	0	0	29	14	0	0	0	34	0	3	0	0
Ignavibacteriota	715	651	251	407	87	257	724	11	339	62	288	380	54	91	123	34	270	140	369	90	20	89	1022	587	95	719	109	121	362	194	306	332	378	23	86	101	46	542	840	861
Kiritimatiellota	912	564	254	254	133	349	34	66	159	120	140	459	38	52	287	40	307	136	150	140	92	13	138	283	142	85	55	163	74	364	127	181	142	71	55	215	107	87	282	109
Kitrinoviricota	36	13	20	39	8	33	11	20	22	4	2	1	0	5	7	1	18	38	5	4	2	3	1	3	2	9	8	15	3	1	14	9	3	4	10	14	1	20	3	1
Lenarviricota	28	20	8	9	19	5	48	40	5	11	9	4	0	0	3	72	49	5	8	2	0	6	10	5	1	10	9	14	107	1	69	26	9	3	64	51	69	27	25	173
Lentisphaerota	17	25	11	12	5	22	12	2	11	7	10	11	10	37	24	4	16	24	0	31	2	4	9	7	10	18	12	31	15	12	17	11	14	20	13	44	63	30	57	10
Microsporidia	227	260	84	99	31	69	100	22	107	106	74	76	40	98	61	19	115	63	104	122	40	44	229	257	88	99	56	41	125	98	81	112	114	47	96	53	210	230	640	361
Mucoromycota	1735	1426	1096	1085	350	2081	805	394	369	886	743	1163	519	213	472	733	1239	1185	325	356	621	2420	406	601	481	714	565	539	767	487	722	890	757	476	692	444	485	1406	1386	2008
Mycoplasmatota	18899	17330	3507	6713	2789	4078	4115	811	1833	3797	3082	13123	2329	1885	2595	2722	5795	5396	2689	2455	2268	1972	4762	3657	3033	2878	2689	2667	4287	2508	9322	5922	3493	1357	3042	2441	3748	4943	13599	6288
Myxococcota	16215	13814	8997	8169	2829	9712	2229	1779	2020	2731	3044	7331	912	1829	2581	2425	4697	3284	4745	5216	574	790	1581	6391	2558	2993	2506	9419	1633	4845	6802	6198	3803	3600	1675	5002	5776	4264	9072	4376
Nanoarchaeota	8	20	6	1	2	5	5	1	17	5	14	2	0	0	4	0	3	0	3	3	5	2	4	5	2	133	1	9	1	4	2	3	0	1	10	1	2	4	1	7
Negarnaviricota	46	129	193	71	23	70	151	36	15	209	43	0	10	45	31	5	79	58	87	10	7	14	41	21	15	57	39	32	134	43	141	71	13	174	26	16	27	66	160	133
Nitrososphaerota	448	660	216	307	129	318	256	107	196	286	141	117	110	130	134	146	340	334	212	127	77	142	156	212	198	156	200	335	147	357	194	253	124	148	208	252	246	253	453	661
Nitrospinota	345	519	327	312	159	212	210	52	126	102	363	138	0	118	398	36	454	262	453	51	20	28	206	427	46	60	259	200	137	91	171	222	745	71	187	265	88	250	364	181
Nitrospirota	1331	1805	673	635	200	582	434	306	454	575	323	591	168	202	374	343	591	307	370	515	213	151	423	489	279	577	458	863	431	478	444	1006	298	444	266	393	633	815	878	1134
Nucleocytoviricota	814	1766	264	228	97	544	222	850	131	134	379	388	226	142	138	81	726	280	493	132	85	136	131	163	150	293	176	157	237	213	278	363	66	132	471	84	186	223	273	223
Oomycota	307	89	115	58	33	170	31	320	113	100	175	105	52	14	19	45	174	41	56	145	20	10	25	35	51	28	37	64	119	45	43	83	470	26	29	74	49	85	140	41
Parabasalia	712	996	445	696	249	696	684	281	149	628	314	479	174	208	238	258	942	307	278	142	239	255	353	347	236	263	290	271	371	253	510	623	379	108	377	254	551	806	773	510
Peploviricota	60	32	10	14	12	58	23	2	7	48	33	2	9	3	8	204	18	15	5	4	1	2	1	118	40	11	106	20	8	4	19	77	259	22	2	8	16	7	25	9
Phixviricota	0	1755	71	2	0	0	0	0	7	0	42	938	0	0	0	0	0	0	0	0	0	0	1	0	144	22	0	0	0	1	0	1	5	0	0	0	0	583	0	2
Pisuviricota	54	32	17	7	18	6	7	4	5	2	2	22	10	1	8	18	79	9	8	18	2	3	4	24	12	16	8	7	4	5	26	4	10	8	9	23	12	55	22	3
Planctomycetota	12794	12407	7557	8677	2803	10186	3313	1659	3129	4025	3146	5420	1308	2148	2929	2407	5418	3216	3323	5281	1335	1061	2384	5513	2376	3400	2944	7238	2818	4970	6215	5417	4327	2605	1933	4007	6158	5142	9736	7000
Preplasmiviricota	76	8	0	1	4	2	0	0	1	9	1	2	2	8	2	2	2	3	0	3	1	4	2	2	14	0	0	98	4	3	76	9	2	1	0	0	4	9	18	1
Pseudomonadota	1321618	947559	1108627	2729719	2970408	4732024	245543	745762	306858	488446	649076	716060	16083360	167315	523942	545365	988974	477271	362381	415765	333327	3545315	517870	955546	777377	489714	672934	3036553	1900112	303353	397617	460762	801989	364026	611853	341361	3675239	2568782	1398371	735763
Rhodophyta	92	91	51	15	32	71	15	4	42	27	14	21	11	6	6	6	28	12	2	7	7	6	12	12	7	25	38	13	8	12	10	26	25	33	9	19	15	11	15	8
Rhodothermota	1435	1509	775	769	281	1097	243	136	294	182	277	847	40	130	282	236	408	443	418	657	67	40	140	666	166	940	371	679	81	371	613	537	478	317	161	467	423	583	1360	203
Saleviricota	1	0	62	0	2	0	2	6	23	6	57	0	0	5	0	11	3	22	3	8	0	4	2	0	1	15	0	48	11	3	26	46	0	0	0	44	13	0	0	11
Spirochaetota	23319	22902	16918	19226	6218	19728	15463	3858	6830	12911	9625	13828	3574	4602	11552	5606	14600	11156	11765	8084	6262	6873	14961	16376	6738	10597	10082	18498	15454	11488	15137	14981	16317	8956	9649	8308	13496	17506	29362	25785
Streptophyta	561618	525558	261723	338724	123971	353929	294731	145375	139479	236368	218580	312833	98693	101982	139610	164280	340672	225904	206288	174935	127310	161198	226290	219981	178173	213070	173784	192792	236425	176891	279647	292139	239271	105726	197840	174457	226291	281633	463610	380157
Synergistota	12291	11843	44417	7050	2008	5672	2205	846	1447	1545	3653	5641	543	646	1871	1467	2490	1839	1856	85201	795	679	2920	3482	1315	4474	2270	4140	1386	1820	2762	10559	6786	1811	1530	2745	3373	3497	6770	4250
Taleaviricota	6	24	19	14	4	9	0	10	1	9	2	3	2	3	14	5	26	3	0	6	3	4	11	4	2	20	25	1	3	3	12	10	8	6	9	3	2	3	4	3
Thermodesulfobacteriota	122773	164275	37615	258523	10832	30537	13219	14945	14117	25243	27020	51328	4181	5254	17353	8277	23135	13138	17975	31888	5074	4750	13867	40232	27413	83716	10310	40896	14040	14851	30904	25519	42683	118092	9895	12680	19129	51224	63994	24231
Thermodesulfobiota	105	38	33	44	13	33	48	8	47	11	18	69	17	8	4	16	29	14	26	20	16	9	20	17	23	16	37	38	24	20	70	31	92	52	17	19	35	35	47	68
Thermomicrobiota	418	399	267	272	53	167	20	42	54	38	132	480	19	21	32	20	114	95	122	110	8	14	62	218	58	76	63	123	56	37	136	142	131	79	60	162	79	96	227	95
Thermoproteota	1558	913	743	579	280	729	627	392	381	548	393	741	138	217	470	267	540	281	540	370	330	186	272	414	336	238	378	522	583	388	630	603	650	172	449	261	486	768	829	655
Thermosulfidibacterota	66	25	6	31	6	10	4	7	2	38	12	14	5	6	13	14	20	43	9	2	9	2	12	13	7	5	62	15	18	10	6	12	16	4	4	30	26	6	49	12
Thermotogota	4395	2595	1335	2193	719	1944	1394	502	892	1466	969	2428	361	538	843	944	1721	633	881	734	807	601	767	1067	778	1077	989	1134	1341	1210	2135	1882	1199	892	1110	918	1123	1915	2188	2667
Uroviricota	18936	531137	40099	166547	32263	360775	127464	3228	14316	1128	12174	2329	516	26615	3805	2782	40529	191857	27677	78209	9326	286274	22516	99470	4585	95798	2773	1269175	1890	6113	49092	4061	10288	6586	3867	84447	9650	26833	61698	6730
Verrucomicrobiota	1814458	38252	41706	7556	3265	8000	1335084	1918113	3613	5623	3188	195642	1443	1537	5856	11947	185462	53926	4324	2720344	3565	1413	2016102	5530	5674	215349	3228	8321	3201	3877	66298	19176	4170	3542	2525	3558	3528	6975	8910	6043
Vulcanimicrobiota	230	83	67	40	31	67	21	12	8	22	16	75	6	20	22	9	56	31	16	25	13	16	14	10	14	43	14	52	47	12	28	52	25	14	9	42	67	31	47	18
