Taxonomy	SRR28210342	SRR28210343	SRR28210344	SRR28210345	SRR28210346	SRR28210347	SRR28210348	SRR28210349	SRR28210350	SRR28210351	SRR28210352	SRR28210353	SRR28210354	SRR28210355	SRR28210356	SRR28210357	SRR28210358	SRR28210359	SRR28210360	SRR28210361	SRR28210362	SRR28210363	SRR28210364	SRR28210365	SRR28210366	SRR28210367	SRR28210368	SRR28210369	SRR28210370	SRR28210371	SRR28210372	SRR28210373	SRR28210374	SRR28210375	SRR28210376	SRR28210377	SRR28210378	SRR28210379	SRR28210380	SRR28210381
Acanthopleuribacterales	432	312	118	162	53	168	76	40	44	155	59	54	31	17	39	59	134	36	51	117	5	25	26	89	49	32	139	111	16	49	60	139	111	46	68	111	358	108	187	48
Acaryochloridales	482	772	364	451	95	358	601	113	263	205	192	291	46	60	357	356	406	150	508	151	40	84	912	405	174	246	103	507	152	243	529	378	308	82	206	181	385	495	641	653
Acholeplasmatales	2800	1978	392	2582	362	438	395	248	193	347	634	2010	201	324	558	161	779	765	218	352	141	196	263	463	389	372	389	407	349	361	1190	805	475	99	338	284	589	1125	1458	515
Acidaminococcales	322179	889775	15341	63008	226739	295439	26660	2922	100138	717048	9084	18149	409070	5370	8108	97680	291360	545663	178867	196818	2459	9765	8777	100352	131130	330093	3967	14950	358622	197471	65067	543716	122115	371309	5446	968132	43856	33866	291135	145122
Acidiferrobacterales	640	735	355	413	273	523	73	83	171	177	135	452	54	116	117	125	202	157	98	369	125	40	90	289	72	109	137	566	187	117	175	403	175	308	120	709	796	281	1040	582
Acidilobales	100	116	86	69	13	109	47	16	8	1	98	10	9	20	81	70	75	42	35	36	25	8	25	42	10	6	37	139	6	100	124	102	8	42	30	23	69	89	86	117
Acidimicrobiales	2246	1585	1415	1275	230	1621	344	331	174	455	224	883	171	325	309	475	701	452	676	544	120	177	92	404	287	392	321	1652	284	798	1349	859	464	596	117	557	1333	373	906	1193
Acidithiobacillales	736	667	502	1011	213	744	331	84	380	163	199	336	120	101	141	266	504	321	241	336	119	141	194	439	182	182	155	450	165	231	259	457	429	224	168	483	254	425	1104	426
Acidothermales	140	60	70	62	10	42	0	5	14	24	15	30	64	76	18	11	17	29	10	5	21	40	11	20	4	44	47	16	79	9	13	21	11	4	9	34	79	18	24	11
Actinomycetales	56762	66233	64872	90820	37015	35584	27365	89725	57463	30441	16166	71964	14764	139414	116187	42497	18483	45752	28412	28684	244234	58743	34132	25582	244862	17825	21121	37620	43711	19907	20798	47396	13962	19362	58871	16940	49326	20487	33086	291256
Actinopolysporales	132	73	7	35	49	47	17	3	23	4	25	41	22	2	10	4	15	10	59	15	2	0	15	26	13	44	12	12	9	2	5	33	20	16	6	13	2	22	51	3
Acytosteliales	0	0	0	0	0	0	0	0	0	0	0	0	0	0	0	0	0	0	0	0	0	0	0	0	0	0	0	0	0	1	0	0	0	0	0	0	0	0	0	0
Aeromonadales	10660	11192	6769	8629	4086	9050	4740	1455	3239	3417	3757	4079	1920	1612	4001	1996	5082	3233	5482	4297	1230	922	5133	7417	2099	2807	2801	5176	2482	4592	5253	5787	4895	2843	2702	4238	4304	5473	10349	6672
Agaricales	106	84	109	98	40	120	29	54	86	116	31	92	46	26	41	28	151	78	25	67	59	55	44	46	78	61	68	122	177	60	61	90	85	49	91	134	120	167	87	618
Algavirales	153	61	28	61	8	47	52	10	59	31	22	16	6	71	5	13	135	24	22	13	3	29	21	41	4	5	21	51	9	64	17	29	11	6	33	18	21	47	44	29
Alteromonadales	13829	14709	9375	12292	3561	12838	7348	2731	5384	7628	6663	6853	3340	3058	5451	4198	10111	5784	6412	5081	3770	3250	6394	7880	3913	6724	5269	8538	6380	6321	8343	8840	7646	4257	6254	6061	8398	9401	15069	12728
Amarillovirales	8	11	7	33	8	2	0	0	7	2	2	0	0	0	0	0	12	14	4	2	2	0	0	2	0	5	6	4	0	0	12	6	2	0	0	14	0	18	0	1
Anaerolineales	852	690	387	349	143	277	342	90	157	338	135	480	49	91	194	240	300	252	138	212	128	48	102	186	100	168	133	397	196	287	301	182	141	133	287	283	247	191	1083	416
Apiales	2383	3490	1134	1672	14667	2448	16933	554	735	1004	1095	1844	645	694	940	1080	2471	1049	10264	9903	642	641	1489	1639	26316	1780	11935	1859	13060	871	1404	1931	1541	815	1291	750	929	1837	3587	3012
Aquificales	780	613	462	356	130	409	71	63	98	455	276	577	143	122	100	103	383	162	212	90	92	63	136	232	152	177	273	171	338	135	375	375	621	103	233	149	166	448	665	576
Archaeoglobales	79	333	145	408	30	278	85	342	26	91	160	213	65	8	46	34	173	71	209	115	16	41	84	449	71	207	80	68	233	33	123	222	542	17	86	55	48	408	407	562
Arecales	8984	7412	4338	5788	1978	4771	4357	2055	2485	4192	3278	4784	1359	1575	2193	2662	5264	2519	3200	2269	2203	1715	2685	3299	2119	3270	2709	3548	3400	2861	3907	4286	3492	1598	2668	2662	3624	4180	7590	5315
Articulavirales	0	0	0	0	0	0	0	0	0	0	0	0	0	0	0	0	0	0	0	0	0	0	0	0	0	0	0	0	0	0	0	0	0	0	0	0	0	0	0	0
Asfuvirales	12	0	65	2	17	2	17	1	0	11	2	1	0	32	0	4	7	0	4	0	0	2	0	0	0	0	2	0	7	1	1	1	0	0	0	0	0	0	1	15
Asparagales	3370	2809	2214	1857	851	2525	2141	593	833	1534	1094	1995	870	605	676	957	2773	1196	1331	734	707	710	1343	1501	1107	1130	1485	1240	1353	749	1913	1585	1379	583	1516	1077	1186	1573	2773	2656
Asterales	22702	22557	11312	12985	4808	14872	11330	6364	7408	9593	9098	12902	4018	4429	6381	6487	14010	9290	7672	6739	6033	8146	8832	10211	8746	10362	6651	9018	10983	7394	11411	11439	10406	4582	9379	6492	10550	11466	17969	14208
Atribacterales	269	84	122	138	24	46	151	120	38	65	129	36	4	31	14	31	100	18	28	98	13	9	25	21	80	20	32	54	45	74	61	70	235	10	28	58	23	29	94	383
Atroposvirales	0	0	0	0	0	0	0	0	0	0	0	0	0	0	0	0	0	0	0	0	0	0	0	0	0	0	0	0	0	0	0	0	0	0	0	0	0	0	0	0
Bacillales	240317	214246	163595	191761	65277	215954	127016	46702	78980	154650	91880	130674	48252	51666	101355	72643	175779	76784	87123	72445	74485	59430	121559	135877	82769	80390	96418	125988	141189	100034	142728	139905	126932	65080	101434	82892	149459	162150	219418	272897
Bacteriovoracales	362	306	266	182	164	619	85	93	176	255	102	207	60	70	90	101	426	118	101	70	103	36	92	76	111	421	118	179	291	114	274	268	256	80	129	128	259	154	349	390
Bacteroidales	6282635	20359321	3363144	5485762	8905926	20695922	1239682	2438315	8448895	1908418	12035178	9009628	8886310	172767	4365029	994711	15958686	2368314	3283059	12530832	389971	591617	3993668	5835745	9576280	11877084	11239053	20407518	2624528	7977959	687652	4962402	10085973	8974621	1128009	6954486	5055220	21777606	25777200	2921431
Balneolales	158	320	108	165	97	247	27	16	58	15	63	39	9	14	0	26	89	117	39	207	0	7	40	103	58	135	69	125	23	59	28	90	62	31	4	56	19	224	688	35
Baphyvirales	0	0	0	0	0	0	0	0	0	0	0	0	0	0	0	0	0	0	0	0	0	0	0	0	0	0	0	0	0	0	0	0	0	0	0	0	0	0	0	0
Bdellovibrionales	1137	931	475	498	141	840	405	125	563	299	468	508	118	185	160	84	555	219	341	342	110	101	337	362	159	491	183	357	267	275	445	482	251	249	283	335	724	441	1045	522
Belfryvirales	0	0	0	0	0	0	0	0	0	0	0	0	0	0	0	0	0	0	0	0	0	0	0	0	0	0	0	0	0	0	0	0	0	0	0	0	0	0	0	0
Bifidobacteriales	1971540	1965737	5258382	7330527	2083596	1526652	1778845	7952061	3268617	555943	2089688	5103923	7885310	12665447	3376435	4817126	1980853	2046484	3298605	707870	11498975	619142	2350063	1547557	2763992	1303145	592987	6239357	2257776	45837	7107707	481224	2053363	2143398	6081037	1464920	10718211	2564300	2958142	12521373
Blubervirales	180	0	0	6	0	36	0	0	0	0	4	34	0	6	18	0	8	47	16	7	15	0	19	31	0	0	8	0	0	3	1	0	24	4	11	15	0	10	3	2
Brachyspirales	1420	2714	682	904	390	976	620	124	545	527	579	825	439	264	457	300	1145	1447	450	385	651	1768	618	613	477	825	755	492	1168	384	933	1230	759	198	746	648	547	786	1313	1121
Bradymonadales	805	792	169	667	66	151	1011	135	156	66	147	391	21	58	91	169	212	110	510	230	49	76	1116	696	132	105	107	406	214	195	446	502	370	180	64	109	188	652	979	1043
Brassicales	20951	37798	10690	11247	3915	13853	11696	5082	4919	8716	7625	10336	3745	4438	5232	4669	14799	6474	8934	6407	4852	5374	8449	8596	5584	7235	5837	6550	8696	8284	13829	12941	8904	4148	7055	7462	8615	9079	29981	40056
Brevinematales	55	52	72	189	40	63	48	13	34	130	38	97	36	41	27	48	92	27	46	13	27	29	24	23	35	36	45	70	49	92	117	127	225	56	47	148	155	82	114	155
Bryobacterales	637	497	317	496	153	434	138	94	69	179	148	415	40	77	69	200	202	200	403	244	41	66	21	139	182	163	76	378	145	147	330	195	132	138	66	150	248	202	776	166
Bunyavirales	32	9	6	3	9	41	6	1	10	9	19	0	4	9	8	1	42	6	8	8	1	1	13	2	1	17	25	24	38	23	48	40	7	20	21	8	20	18	38	16
Burkholderiales	138871	214169	83692	164860	31895	92073	35729	18031	48478	33776	46805	168509	51754	24585	35724	32514	117659	91963	62836	65031	12985	11382	23110	68171	25051	52110	67391	81412	25535	60679	77680	71265	50679	53258	32880	70343	60311	78017	124165	111090
Caldicellulosiruptorales	3275	2227	1421	2365	550	2026	3643	387	550	1321	1414	1656	832	578	828	496	2936	748	1206	559	649	804	2645	2050	776	1077	1415	902	2124	1362	1910	2020	2264	518	1252	724	1001	2890	2984	4401
Caldilineales	403	464	454	356	80	640	233	97	48	131	51	169	43	83	59	172	180	97	120	41	54	22	43	156	78	124	91	411	56	91	567	362	114	151	50	90	90	244	329	215
Caldisericales	264	47	12	13	2	161	40	1	31	28	35	12	11	4	41	14	77	11	5	32	10	84	17	17	8	19	6	14	58	32	17	34	18	46	14	26	36	36	76	12
Calditrichales	91	265	35	226	28	217	580	28	30	27	95	42	35	4	61	14	112	17	61	26	20	47	714	530	50	110	34	27	189	64	147	210	241	40	175	14	40	262	681	561
Campylobacterales	38557	59443	30555	36151	28056	16084	17578	6418	19613	41077	8971	18221	3948	14656	16658	14899	13353	29095	8418	12346	27029	20086	10987	12169	15892	39734	11646	12840	11524	32985	23694	21282	39458	12395	25387	18297	22727	17041	18298	74519
Candidatus Absconditabacterales	27	136	142	146	6	399	6	2	11	114	71	26	157	1	28	30	200	72	6	2	89	26	1	151	1	41	86	2	67	14	25	7	150	12	123	18	10	166	207	590
Candidatus Babeliales	137	77	33	65	25	73	8	16	28	18	23	33	8	3	33	95	113	14	14	27	33	3	18	15	69	12	10	31	87	16	78	50	47	54	66	71	186	121	50	49
Candidatus Bipolaricaulales	67	63	53	21	13	30	2	5	9	16	31	35	3	0	9	2	9	1	7	39	0	6	0	13	12	11	4	17	3	6	5	51	26	2	0	12	8	23	38	6
Candidatus Brocadiales	33	172	43	437	36	68	67	26	37	138	24	20	28	13	47	42	83	43	43	38	34	37	17	52	33	32	51	80	64	24	33	53	62	48	44	79	122	72	98	215
Candidatus Chloroheliales	44	155	89	56	19	73	159	10	83	19	39	55	19	29	47	10	81	21	70	35	44	14	180	168	13	19	22	35	23	7	27	81	34	16	41	36	110	156	135	113
Candidatus Cloacimonadales	143	74	144	42	35	86	26	23	14	195	28	21	2	21	16	11	58	16	23	7	3	39	42	16	13	29	21	49	39	74	16	93	24	21	11	21	18	37	14	38
Candidatus Comchoanobacterales	15	0	1	10	2	3	0	0	8	2	0	1	5	0	0	1	12	1	4	1	6	0	0	0	1	11	3	8	0	0	1	9	220	0	9	0	0	2	0	0
Candidatus Desulfofervidales	92	102	20	47	12	100	7	30	64	8	6	5	11	3	9	18	53	20	7	54	19	13	15	8	0	9	73	12	6	27	39	16	23	12	48	5	27	72	148	4
Candidatus Izemoplasmatales	507	504	98	102	120	190	65	17	37	121	227	222	62	66	48	31	174	212	41	57	52	20	237	39	148	110	68	48	91	44	355	77	139	53	108	80	96	57	322	184
Candidatus Korarchaeales	0	0	0	0	0	1	0	65	0	0	0	0	0	69	1	0	0	0	0	0	0	0	2	0	1	0	0	0	0	244	0	0	0	0	0	0	0	0	0	0
Candidatus Lucifugimonadales	18	38	70	15	5	22	15	0	3	10	7	24	0	1	4	1	23	4	0	1	4	0	8	17	12	31	11	21	15	7	14	12	25	14	14	6	4	17	20	10
Candidatus Methanoliparales	1	6	1	4	3	6	109	1	0	71	9	2	0	0	1	2	40	0	1	0	0	0	1	24	3	40	6	5	5	0	4	5	3	2	4	1	0	7	15	4
Candidatus Micrarchaeales	3	6	4	5	0	0	0	3	0	498	0	1	0	1	2924	4	0	0	0	0	8914	284968	0	0	0	43	1802	0	531	2	0	8	0	5950	3351	0	8902	24483	45	0
Candidatus Nanohalobiales	2	0	37577	0	0	1	6	0	3	0	0	5	0	0	29	0	2	0	3	5	0	6	0	0	2294	4	0	0	8	0	3	2801	0	4	0	0	1	0	0	6
Candidatus Nanopelagicales	412	358	79	762	109	159	744	45	208	156	210	207	187	53	335	110	442	52	155	54	57	110	799	370	88	203	129	130	458	192	356	407	449	101	162	205	292	538	653	371
Candidatus Nanosynbacterales	1346	1835	3877	3375	1488	1071	1011	597	1997	1887	170	2700	857	6241	5136	1289	271	1260	1646	361	35910	1861	845	1316	9963	587	1384	833	3656	802	406	2267	1142	1703	3706	325	1219	719	730	9654
Candidatus Nitrosocaldales	49	139	49	41	27	88	99	1	49	102	1	25	22	1	53	65	101	82	94	0	9	13	41	71	36	51	38	139	23	1	43	47	23	29	2	62	43	29	55	310
Candidatus Pelagibacterales	565	357	68	107	38	100	39	33	32	94	130	377	94	32	49	27	186	158	58	38	68	26	29	53	51	15	118	57	94	57	289	113	43	57	56	69	72	28	297	202
Candidatus Prometheoarchaeales	16	57	43	142	43	185	35	3	62	16	54	37	3	5	12	20	39	37	36	23	43	11	74	82	24	14	45	75	132	13	20	36	26	7	12	28	26	118	36	176
Candidatus Promineifilales	433	442	367	459	51	449	14	66	51	131	65	138	15	125	143	219	182	150	130	137	4	34	51	312	119	95	153	507	30	392	364	304	152	191	54	104	334	181	480	85
Candidatus Puniceispirillales	51	89	35	58	6	82	13	13	79	43	20	7	5	23	23	37	33	35	7	19	3	12	27	19	10	21	21	20	3	31	14	46	55	14	26	29	8	10	73	84
Candidatus Saccharimonadales	377	388	1201	618	485	191	259	139	429	324	48	930	205	1226	1474	375	76	218	403	78	6791	337	293	284	1714	152	272	245	400	215	127	691	489	271	712	111	187	189	115	2469
Candidatus Sulfidibacteriales	272	635	136	527	66	244	310	46	138	83	245	346	50	68	291	44	256	279	612	78	22	93	210	386	75	579	113	106	77	55	280	235	601	150	346	137	130	258	677	149
Candidatus Uabimicrobiales	59	90	78	90	22	221	9	22	10	44	66	90	52	8	31	22	190	19	8	58	6	31	20	117	42	25	41	31	44	12	32	36	48	4	60	32	20	74	96	156
Cantharellales	26	104	40	85	19	27	16	17	40	15	45	22	7	2	14	79	66	13	23	22	4	9	47	85	36	14	13	58	8	13	52	75	27	8	36	33	42	34	26	72
Capsulimonadales	307	301	259	242	120	231	62	55	103	226	114	188	42	19	180	20	142	85	241	112	19	38	61	187	35	63	194	176	41	136	152	84	236	69	25	166	115	77	529	59
Cardiobacteriales	888	1298	584	906	241	498	188	88	228	436	359	466	59	109	567	72	446	449	545	521	146	244	202	407	362	95	306	403	610	333	810	483	591	367	181	240	347	990	780	1023
Caryophyllales	16216	13028	5655	8274	2712	7198	9473	2337	3592	6700	6220	10266	2429	3487	4026	3490	9723	4700	4802	6880	3357	3283	9252	6769	5027	5428	4908	4572	7291	6123	6880	7995	11129	2449	5468	6242	5938	7609	10320	8832
Catenulisporales	355	278	132	277	53	116	38	43	34	144	96	118	17	41	174	65	117	105	162	68	8	12	36	221	40	85	114	304	123	77	146	122	148	71	142	107	227	86	287	81
Caulobacterales	11609	10069	8416	7332	1996	8604	2136	1837	1874	2211	2505	4452	567	1727	3284	2615	4701	3222	4801	4537	621	793	2287	5366	2066	2578	2674	7193	1344	5723	6035	4488	3558	3336	1687	3255	5089	3977	10710	3962
Celastrales	2120	2507	766	1075	373	1214	992	488	497	750	655	1314	544	814	418	354	1992	683	1024	875	598	529	901	987	655	1212	727	626	917	642	1350	1645	641	484	684	575	1556	1141	1816	1577
Cellvibrionales	5309	5146	2506	5146	1220	3187	1931	575	1910	1516	1694	2454	539	745	2059	905	3201	1375	1890	2054	620	613	2588	2749	1431	1264	1305	2198	1593	1976	2677	2091	2327	1092	1263	1714	1811	2245	5047	3558
Chitinophagales	7273	11680	5409	5397	1983	9578	2997	1436	4563	2989	6769	3061	1441	997	2197	1337	4791	3691	3569	5497	1450	1779	4637	6276	2055	11712	2641	3684	2184	2456	2987	3733	3575	1991	2936	2375	2458	6633	16966	4405
Chitovirales	63	156	24	36	13	76	21	17	23	27	56	50	5	9	20	36	59	63	42	35	8	18	9	14	34	9	14	11	41	42	25	74	7	20	38	15	43	18	69	66
Chlamydiales	487	347	125	132	81	197	78	96	111	118	63	179	48	30	149	62	231	134	79	87	177	70	68	99	86	113	128	207	174	150	343	89	88	52	177	159	172	161	600	338
Chlamydomonadales	1132	861	603	790	122	493	104	151	214	213	234	289	39	112	479	359	276	242	467	236	57	137	315	718	125	170	265	802	118	223	505	580	505	310	168	452	381	249	804	155
Chlorobiales	3478	3090	2224	2221	690	2031	670	409	818	1077	750	1255	285	236	932	444	1512	928	1196	1514	328	457	1279	1429	690	1218	918	1713	716	941	1049	1297	1692	783	711	924	921	1683	3561	1696
Chloroflexales	772	913	456	597	306	622	105	73	235	314	213	609	151	110	124	160	482	243	139	579	122	41	128	356	159	251	202	358	91	215	543	333	180	189	81	240	558	525	698	303
Christensenellales	18709	12826	37165	29215	3600	6248	11898	4236	3638	4689	4587	23633	772	2123	4173	2294	4405	2725	2008	9043	4166	4944	8312	5952	3595	7684	7501	9566	5404	10257	4294	8774	14989	6030	6503	4528	4991	3190	16664	11732
Chromatiales	10071	8579	5856	6864	1513	6010	2573	1382	2470	2373	2435	4377	727	1540	2272	1868	4140	2197	2955	3087	1169	803	2049	4326	1800	2244	2084	5115	1856	3350	4391	3692	3245	2251	1423	2772	4214	3700	6345	4601
Chroococcales	1983	3525	895	1396	416	1111	1517	352	541	902	836	1337	441	480	719	388	1666	763	738	614	616	497	835	776	639	980	787	742	1218	631	976	1151	840	723	909	928	1193	1548	2297	1207
Chroococcidiopsidales	234	241	138	47	24	453	97	69	32	141	189	357	6	74	37	18	56	67	190	66	23	38	51	80	65	98	83	79	97	77	120	167	143	36	33	28	65	334	385	312
Chrysiogenales	200	251	50	107	35	47	44	24	34	65	22	198	10	4	15	23	32	92	55	23	13	40	103	23	52	12	40	44	25	77	29	66	32	29	19	47	20	116	88	52
Chthonomonadales	32	182	62	32	39	18	9	10	51	50	42	64	5	7	6	10	6	2	6	54	21	1	19	23	28	38	4	15	41	10	28	77	31	12	10	22	13	16	57	6
Cirlivirales	0	2	6	6	3	9	3	1	1	1	1	0	0	1	0	1	2	3	3	1	0	1	0	3	3	2	1	5	0	4	4	2	0	2	0	3	4	3	2	3
Coleofasciculales	229	58	117	14	15	31	10	1	7	225	9	37	15	12	40	2	126	18	126	32	28	25	23	166	23	20	15	83	121	66	36	84	20	10	92	12	116	21	421	42
Conexivisphaerales	24	18	2	5	2	7	3	1	12	10	38	198	1	2	2	2	8	5	1	50	1	0	20	6	7	6	3	6	0	10	5	20	7	3	37	3	2	5	5	0
Coprothermobacterales	5	30	26	25	10	1	1	4	1	7	12	8	6	11	4	3	11	1	4	9	1	8	5	3	11	0	26	15	13	20	2	12	4	1	5	9	32	0	9	0
Coriobacteriales	1889171	1538962	703730	1118963	556385	384408	10476	2681881	607239	9243	453282	1886308	951322	22250	18598	14422	910314	750113	973063	529011	18278	833888	7246	768545	96410	754559	8161	1247457	2207955	14768	274629	661837	14387	668223	8077	12254	19792	1766832	1899412	63083
Coyopavirales	0	0	0	0	0	0	0	0	0	0	0	0	0	0	0	0	0	0	0	0	0	0	0	0	0	0	0	0	0	0	0	0	0	0	0	0	0	0	0	0
Crassvirales	18006	530659	1699	166215	32021	360578	127135	1422	14199	460	11695	2091	488	26566	791	2716	39355	191755	27576	76922	348	1192	22332	99232	1864	95599	775	1268910	522	5993	48838	1018	10113	501	373	84423	623	2101	61361	6607
Cremevirales	0	0	2	0	0	0	0	0	0	2	0	0	0	0	0	0	0	0	0	0	0	0	0	0	0	0	0	0	0	0	0	0	0	0	0	0	0	0	0	0
Cryppavirales	0	1	1	0	0	4	0	0	0	0	1	0	0	0	0	0	3	0	0	0	0	0	0	0	1	0	0	2	2	1	1	1	0	0	1	0	0	0	3	2
Cryptomonadales	5	1	0	17	5	7	1	2	0	3	0	3	2	1	1	7	0	1	1	13	61	1	1	16	0	4	0	0	0	1	9	8	10	15	67	8	1	0	0	1
Cucurbitales	25648	21016	8329	11816	4081	13460	10104	6544	5951	8407	5833	18351	2984	3800	4765	6504	14043	6918	7637	6282	4209	8160	7124	6425	5235	10640	6192	8843	8195	5832	14559	13293	8449	3238	8548	7294	6580	9887	16646	12618
Cupressales	33873	28037	15724	20730	7217	19360	17816	6949	8407	15240	11809	18779	6606	6651	9393	10143	21583	11579	13094	7498	8820	11296	15487	14382	9670	12832	10026	12016	14766	10711	17230	17769	12095	6270	12790	10904	14807	16144	28359	24503
Cyanidiales	87	89	51	15	25	64	14	2	42	22	13	15	9	5	6	6	28	9	1	7	7	6	11	12	7	19	38	13	8	11	10	18	14	18	9	11	14	8	15	5
Cytophagales	24001	35485	13887	17183	7545	27654	6256	3445	13753	7419	16303	10205	3461	3687	6549	3665	12872	11838	10303	18464	3452	3002	10982	16260	5658	27630	8625	14446	6301	9032	9189	12319	9136	5851	6174	7043	7928	20331	49671	11307
Deferribacterales	819	1022	488	715	204	829	698	580	274	323	626	541	269	111	161	169	660	201	412	215	271	162	920	826	331	613	303	329	485	262	492	668	741	134	320	275	187	1085	1221	581
Dehalococcoidales	2400	1376	467	1063	262	910	149	192	724	253	521	1196	111	64	360	339	2450	782	302	450	112	55	828	912	271	222	531	493	236	381	488	1146	551	671	547	325	418	1417	701	347
Deinococcales	8616	7136	4814	5164	1343	5859	1307	936	1427	1787	1689	3459	387	1182	2242	1587	3280	2003	3345	2388	436	616	1459	4092	1168	1264	1681	4937	849	4103	4566	3546	2651	1948	1182	2516	3665	2180	6012	2101
Desulfarculales	787	684	398	699	181	365	200	305	97	174	232	531	42	59	325	163	174	299	411	210	36	37	93	457	165	258	177	778	74	178	516	328	371	178	128	179	336	279	594	52
Desulfobaccales	111	154	29	22	16	15	3	15	151	21	29	39	15	1	11	6	12	9	4	18	17	1	4	18	4	48	31	17	14	7	6	27	18	8	18	20	37	15	34	20
Desulfobacterales	5829	5857	3451	4414	1364	4429	2227	827	2187	2543	2355	2845	931	729	1673	1118	2954	1797	1800	1909	1004	970	2762	3461	1851	2612	1654	3354	2004	1673	2807	2738	3182	1222	1695	1653	1966	3982	5654	5018
Desulfobulbales	4143	3645	1857	2871	669	2456	1406	586	1243	1414	1097	1723	582	500	1173	912	2540	1204	1421	1191	766	448	1440	2153	1003	1691	1039	2008	1150	1526	1987	1715	1896	1020	965	1126	1892	2065	3659	2940
Desulfomonilales	67	64	81	28	36	68	30	45	7	92	19	21	23	13	84	22	70	37	24	31	27	9	12	25	25	11	62	100	92	34	45	46	20	66	46	90	85	89	69	208
Desulfovibrionales	97167	141343	23912	241623	5931	13583	4717	11115	7362	16845	20023	39026	1245	2227	10493	3385	11286	5573	9116	23327	2022	2089	5387	27407	21297	75766	4146	26190	8648	5556	18785	14361	30969	112505	4912	5725	8419	38882	42538	9219
Desulfurellales	96	19	34	6	12	28	19	6	15	21	14	38	0	3	15	14	17	4	5	7	0	17	16	24	0	14	25	26	18	19	14	24	71	7	16	5	34	11	29	20
Desulfurobacteriales	123	110	54	50	15	34	17	13	14	21	19	54	23	5	7	9	51	25	7	24	7	12	31	39	83	13	47	24	40	14	61	94	28	11	17	45	18	37	38	23
Desulfurococcales	119	118	126	44	48	65	19	64	34	22	34	173	26	16	98	22	114	14	26	35	117	42	25	40	43	27	92	90	133	11	55	72	43	14	30	41	46	73	71	63
Desulfuromonadales	5691	5115	3627	3847	1029	4396	1795	908	960	1864	1313	2698	462	844	1302	1229	2399	2029	2021	2564	571	400	891	2718	1198	1389	1493	3964	823	2594	3261	2533	2117	1380	780	1843	2938	2624	4738	3265
Dethiobacterales	187	166	344	268	97	562	139	38	72	304	282	364	82	39	81	29	190	68	15	119	66	25	97	100	42	110	56	201	140	105	159	485	106	43	98	42	54	403	238	302
Dictyoglomales	380	356	281	195	30	134	214	32	123	89	47	376	17	74	51	26	56	59	81	154	36	53	251	275	76	63	60	117	141	91	109	248	178	33	52	34	80	145	133	81
Dictyosteliales	296	415	120	181	63	361	97	27	74	42	78	166	115	56	51	66	250	132	148	16	105	80	163	191	85	163	136	66	129	51	140	105	142	52	206	112	94	195	216	301
Dioscoreales	3165	2700	1619	2021	785	2295	1822	525	709	1726	1359	2467	472	480	901	1099	1739	1260	1344	940	776	749	1639	1807	882	1390	930	1321	1398	967	1856	2212	1016	774	1255	1066	1501	2351	2252	1989
Diplomonadida	105	214	50	51	36	98	47	36	45	34	49	65	19	31	19	36	103	26	58	41	11	33	19	50	26	24	20	58	76	21	121	81	27	25	79	20	180	48	87	37
Dipodascales	86	113	121	56	23	23	41	35	56	76	36	70	6	61	29	10	127	29	37	93	67	42	156	26	28	30	26	75	52	62	40	41	54	28	31	43	68	330	97	289
Durnavirales	8	2	0	0	0	0	0	0	0	0	0	0	0	0	0	1	0	0	0	0	0	0	0	2	0	0	0	1	0	0	0	0	0	0	3	0	0	0	0	0
Eggerthellales	136847	122096	167285	104132	71227	95569	142619	157576	331590	283462	37983	126423	56027	299797	149898	61602	140328	42570	70031	91795	122486	20187	250842	54645	1105361	90105	43597	482050	60737	111412	204225	70612	51083	56596	165994	165009	263060	96875	80895	148490
Egibacterales	138	151	141	85	92	82	2	27	21	13	62	104	0	5	18	9	37	15	24	77	0	4	20	117	9	17	24	131	2	6	59	74	75	33	27	119	1	34	28	22
Egicoccales	145	87	48	29	18	41	1	8	19	11	7	116	13	8	12	5	22	22	6	31	4	9	3	14	24	48	63	97	8	15	41	18	37	11	6	42	5	19	112	15
Elusimicrobiales	47	131	60	52	2	2	11	11	19	5	23	298	13	0	0	1	27	25	5	34	2	4	13	44	18	161	16	18	12	5	100	24	5	7	17	8	20	15	6	16
Emcibacterales	475	453	141	212	88	136	78	52	140	137	63	91	39	46	38	49	129	60	78	121	8	20	250	119	89	88	72	129	42	161	193	192	176	59	34	94	114	83	198	223
Endomicrobiales	317	165	113	260	56	87	325	28	52	215	98	155	22	26	43	41	38	49	97	22	23	57	173	18	105	51	50	38	100	124	76	65	110	32	48	23	53	105	542	153
Enterobacterales	663688	255416	716629	2176067	2829169	4214077	67942	654914	138292	295755	436399	315239	15981352	65001	323886	401784	578988	211872	93566	152317	259424	3480030	366070	625625	656414	299097	425150	2661079	1764849	43068	68842	55097	550942	155619	465225	73683	3387910	2257607	813478	299620
Entomoplasmatales	5782	5932	793	1408	801	1233	1217	191	653	772	828	4176	779	242	479	306	1583	1503	586	882	557	358	1240	1251	1208	534	891	668	1097	511	3189	1668	1074	311	930	628	895	1158	3912	2086
Ericales	12818	10494	6872	7618	2628	10050	7189	3229	3311	6198	5083	6972	2689	2293	3310	3851	8169	4411	4014	3528	3215	3625	4781	5287	3809	5250	4577	4704	5666	4191	6772	7726	4688	2668	5289	3786	5267	7078	10729	8494
Erysipelotrichales	345146	185969	442667	320780	181985	199742	800708	118076	197721	317963	96178	114774	74543	247762	647625	260902	620797	34961	152336	260228	701707	554971	477328	179123	831660	152826	212354	399897	1571020	463740	366040	424396	154605	324399	1043905	66432	1627928	137389	114152	261069
Eubacteriales	10248546	6436241	23729385	8636413	6673193	12760106	2687642	2697995	5325345	6325732	3021780	2339797	550137	1104169	3947507	3475209	11652545	6307469	6531780	3336476	2920220	949674	4227741	7082987	2029120	2374520	7540635	10643337	1548421	6242221	6411218	6016010	5213767	6747637	11380377	9541534	9184586	6237368	6922534	3815478
Eucoccidiorida	630	839	407	562	230	706	404	157	184	290	172	330	129	163	177	191	710	223	241	387	266	159	130	237	204	493	290	677	176	409	598	407	525	174	161	257	334	368	821	715
Eurotiales	1609	1590	815	1194	178	1220	457	304	409	684	564	507	118	187	203	310	751	515	620	473	389	227	414	758	311	861	413	962	347	771	843	735	764	449	357	443	604	749	1741	802
Euzebyales	416	150	88	128	31	100	41	23	29	23	35	282	10	9	21	8	48	41	27	68	0	2	20	37	24	24	23	61	37	2	56	161	128	64	17	67	8	59	80	6
Fabales	76393	69242	35678	47798	16214	49864	34792	19774	18793	33134	28659	49100	15717	13764	18342	24127	49180	27136	24580	22085	19498	23844	28798	27627	21984	29727	24438	25083	31840	22812	37721	39241	33570	14783	29060	25961	31264	49008	66701	49176
Fagales	23949	20690	10501	12781	4623	11882	14205	5315	6772	10289	9895	14377	3799	4253	5882	10210	14722	7797	10298	6513	5796	9013	12709	9488	6242	10562	6672	6697	9564	6967	11228	12895	9422	3752	8461	6616	8428	10847	20620	13904
Ferrovales	65	104	16	34	17	20	9	10	24	14	1	24	3	3	2	3	78	27	11	19	1	22	37	76	24	9	9	11	5	63	32	36	42	7	3	13	7	8	12	31
Fervidicoccales	29	1	1	5	2	2	4	0	2	4	1	51	5	2	0	2	2	0	0	0	5	3	1	0	0	2	2	1	14	1	11	6	0	0	5	1	1	6	4	6
Fibrobacterales	498	628	234	647	157	590	199	77	141	346	334	483	26	77	269	206	417	321	602	201	113	106	445	887	33	121	352	525	281	266	267	326	504	256	214	182	282	380	611	375
Fimbriimonadales	267	169	31	102	77	195	50	48	17	145	51	59	2	23	25	10	88	33	44	66	99	6	4	48	56	58	23	47	40	32	114	66	50	13	12	161	17	65	83	37
Flavobacteriales	53738	75371	34729	35422	13687	69733	20857	8623	30256	22441	63179	30037	10226	9123	11983	12730	35938	23811	22035	26542	10812	11989	37242	30678	13751	78429	20624	21359	21631	35201	21871	33629	23188	10204	22818	18384	19710	39008	107524	31951
Frankiales	2333	1784	1204	1114	263	1421	217	187	188	324	378	678	101	277	310	363	601	394	678	438	44	47	154	1008	333	398	433	673	166	665	1189	1112	730	341	231	718	610	411	1207	362
Funariales	3974	2559	1133	1492	624	1707	1398	513	731	1818	1038	1975	457	495	780	852	1626	997	1216	942	971	1029	825	1097	932	1445	1029	1235	1149	1392	1533	1460	1055	435	802	813	1198	1071	2211	1586
Fusobacteriales	19231	10839	5638	10186	2957	9064	6558	3542	3569	6705	4004	10566	2380	2636	3496	5386	8439	3504	2592	3935	4383	2447	8132	3910	18289	3580	6752	4520	66633	4140	6472	7493	3435	2222	7217	3709	6985	8790	10694	10016
Geitlerinematales	235	235	122	70	21	121	15	12	61	54	29	141	18	46	29	6	44	35	28	49	22	21	31	21	54	43	26	49	32	68	32	37	11	19	6	46	68	21	92	13
Geminicoccales	528	568	508	513	101	492	221	102	49	331	79	99	51	129	37	191	227	206	316	446	18	46	40	184	112	191	118	571	87	1390	863	255	85	211	20	289	365	130	617	570
Gemmatales	1774	1742	1143	1129	521	1764	195	211	238	366	513	887	416	220	207	220	576	357	262	750	106	94	264	712	365	372	356	870	352	459	555	621	434	412	155	639	794	579	1019	767
Gemmatimonadales	1121	950	519	421	302	531	149	78	240	111	215	550	150	115	214	79	247	163	273	278	43	69	103	432	180	266	231	427	273	160	283	401	275	183	74	296	531	217	998	172
Gentianales	3661	3875	2581	2679	947	2424	1972	607	958	1362	1957	2003	919	927	1184	888	3390	1403	1473	1245	964	908	2174	2516	1234	2564	1183	1478	2039	1189	2321	2348	1741	875	1454	1232	1582	3201	3857	3152
Geobacterales	7873	6441	3733	4257	1419	4563	2604	960	1767	1926	1466	3659	701	773	2124	1301	3127	1812	2702	2224	479	595	2989	3458	1479	1762	1336	4032	963	2863	2977	3324	3546	1424	1038	1753	3129	2457	5845	2999
Geodermatophilales	1851	1543	1170	1031	268	1572	110	184	191	401	210	638	194	185	135	427	598	582	405	818	67	113	185	666	373	368	287	1428	191	1164	860	591	471	375	81	515	876	397	1426	834
Geplafuvirales	6	8	3	1	0	3	1	1	0	0	1	2	0	0	0	0	7	17	1	0	0	0	0	0	0	3	20	1	0	2	0	32	1	0	0	1	4	3	2	0
Ghabrivirales	0	30	0	0	1	12	0	0	0	0	0	0	0	0	0	0	2	0	0	0	0	0	2	1	0	0	0	2	0	1	1	0	0	0	0	0	0	0	0	0
Gloeobacterales	706	892	458	613	184	660	107	95	128	182	150	246	135	92	169	176	176	253	271	443	22	35	182	382	164	170	188	624	127	121	295	152	191	201	124	198	118	496	1105	557
Gloeomargaritales	147	29	58	23	9	176	47	4	32	25	60	66	3	2	33	1	24	7	6	8	2	22	3	14	37	19	2	10	63	12	107	17	9	29	133	18	8	363	7	27
Glomerales	1963	1687	1181	1185	382	2150	905	416	476	993	818	1239	559	311	533	752	1355	1248	429	479	661	2465	636	858	569	813	622	581	893	586	803	1003	872	523	788	498	696	1636	2026	2369
Glomerellales	556	571	302	429	174	320	404	77	311	181	185	307	32	65	86	239	403	151	194	161	160	43	167	382	155	498	186	222	136	252	434	270	155	96	132	206	166	172	717	378
Glycomycetales	266	312	131	217	27	85	121	21	96	92	74	440	57	63	60	34	126	34	63	46	105	93	38	79	85	47	39	97	86	245	105	68	143	154	70	244	193	49	363	141
Gomontiellales	105	121	62	176	58	150	77	19	26	234	65	50	78	33	251	83	292	62	54	69	63	5	51	54	18	28	110	70	29	144	146	101	22	120	45	113	49	84	55	265
Goujianvirales	0	0	0	0	0	0	0	0	0	0	0	0	0	0	0	0	0	0	0	0	0	0	0	0	0	0	0	0	0	0	0	0	0	0	0	0	0	0	0	0
Haemosporida	3839	3630	1533	2327	642	2141	1943	335	1393	1602	1415	1997	860	594	749	1401	2355	1094	2044	746	1151	1292	2314	1654	737	2146	1129	1319	1526	811	2067	1649	1412	727	1447	1059	1539	2587	3826	2164
Halanaerobiales	2313	4124	980	1610	425	1342	1607	298	1038	996	885	2067	746	297	552	572	1258	526	600	450	562	761	772	1100	774	775	821	587	1421	735	1140	964	936	429	835	782	1139	1223	1849	2094
Haliangiales	578	592	379	419	131	551	108	59	50	144	119	691	17	107	53	72	296	104	192	166	8	32	152	271	125	103	179	360	18	360	360	209	76	199	12	316	300	260	268	238
Halobacteriales	13237	11623	8678	7488	2341	9678	2001	1662	1845	2576	2458	4675	1406	1669	2277	2621	4239	2998	3453	4823	993	1006	1376	4721	2701	2656	2271	8144	2169	4232	6775	5395	3133	2963	1424	4528	6101	3981	8479	5181
Halopanivirales	1	2	0	0	0	0	0	0	0	0	0	1	0	0	0	0	0	1	0	0	0	0	0	0	1	0	1	0	0	131	0	0	0	22	0	0	0	0	0	0
Haloruvirales	1	0	33	0	2	0	2	6	23	6	57	0	0	5	0	11	3	0	3	8	0	3	2	0	1	15	0	27	11	3	26	46	0	0	0	0	13	0	0	11
Helotiales	183	179	44	183	28	43	137	17	16	21	38	88	25	26	26	16	88	74	48	48	39	14	137	158	93	51	31	46	50	164	119	72	32	11	43	48	44	29	85	185
Hepelivirales	0	0	0	1	0	0	0	0	0	0	0	0	0	0	0	0	0	0	0	0	0	0	0	0	0	0	0	0	0	0	0	0	0	0	0	0	0	0	0	0
Herpesvirales	60	32	10	14	12	58	23	2	7	48	33	2	9	3	8	12	18	15	5	4	1	2	1	118	40	11	106	20	8	4	19	77	86	22	2	8	16	7	25	9
Holophagales	3027	2700	1647	2031	735	1854	459	377	453	485	634	2630	139	223	1343	385	684	885	1156	1211	67	119	307	1088	554	509	637	1788	303	747	952	1025	1219	686	223	808	446	1069	1909	737
Holosporales	531	165	79	146	61	216	47	19	133	114	168	337	21	28	35	87	93	122	62	57	43	88	59	65	53	82	196	95	102	65	219	139	192	135	82	32	47	140	137	113
Hydrogenophilales	14	14	0	17	2	13	2	5	7	1	38	35	4	2	0	1	3	5	4	39	2	1	8	7	10	2	4	20	3	3	1	9	20	6	3	1	7	30	17	5
Hyphomicrobiales	126945	112549	77817	84906	24949	91158	28849	17949	22917	34427	31230	57175	8949	17189	35387	24433	50779	32585	45013	47494	13029	10797	22769	58256	21961	28254	27324	77336	23998	44662	59021	52779	47180	30806	22002	39812	58017	51936	95578	60680
Hyphomonadales	1075	1200	769	1111	411	887	473	207	332	503	410	877	351	105	149	273	662	352	313	645	98	100	420	568	191	269	371	1018	460	619	431	613	505	261	300	458	526	566	718	1321
Hypocreales	2849	2683	1752	2041	632	2224	1044	630	987	1204	878	871	468	630	1377	816	1662	1025	1542	886	933	490	695	1712	704	994	853	2376	988	1601	2016	1451	990	974	1130	1139	1796	1267	2337	1649
Ignavibacteriales	715	651	251	407	87	257	724	11	339	62	288	380	54	91	123	34	270	140	369	90	20	89	1022	587	95	719	109	121	362	194	306	332	378	23	86	101	46	542	840	861
Imitervirales	560	1514	139	92	57	404	129	820	46	60	294	100	178	26	109	26	512	192	406	82	65	84	93	96	92	206	119	92	155	98	229	228	43	95	382	50	115	152	146	90
Immundisolibacterales	218	237	264	442	64	333	9	24	23	48	37	75	10	3	12	45	28	44	54	25	12	32	7	105	59	65	29	64	28	160	128	119	52	59	3	34	142	63	50	90
Isosphaerales	1428	1301	613	763	191	550	73	127	399	202	242	615	79	160	306	140	660	266	536	518	31	74	327	709	220	191	169	718	118	297	382	484	405	247	114	372	300	378	851	446
Jatrophihabitantales	282	352	85	88	52	69	11	27	147	43	66	222	26	14	30	25	228	70	37	68	6	22	276	181	48	43	71	76	71	66	46	58	69	67	69	118	31	151	83	130
Jiangellales	1285	965	876	1064	97	1158	166	146	69	278	124	176	132	261	137	377	259	293	353	360	13	51	66	522	236	345	156	527	129	1223	864	597	184	272	21	186	994	210	1071	434
Jingchuvirales	0	9	5	0	0	5	0	0	0	0	0	0	1	0	0	0	0	0	3	0	0	0	0	6	0	0	0	6	0	0	0	10	1	0	0	0	0	0	0	0
Kalamavirales	0	0	0	0	0	0	0	0	0	0	0	0	0	0	0	0	0	0	0	0	0	0	0	0	0	0	0	0	0	0	0	0	0	0	0	0	0	0	0	0
Kangiellales	162	195	90	152	109	161	173	25	165	113	99	52	43	16	60	66	67	74	98	59	35	56	290	80	28	228	53	58	36	49	111	100	67	35	69	84	219	93	307	137
Kineosporiales	545	328	272	327	63	472	55	94	73	122	52	91	25	82	74	128	141	127	138	134	57	58	45	237	225	92	62	273	92	280	257	166	96	153	33	123	250	128	205	582
Kiritimatiellales	474	370	299	193	134	186	26	55	73	73	120	292	27	16	71	29	149	76	106	94	46	2	24	196	62	52	58	92	71	228	49	195	118	56	45	139	146	104	175	26
Kirjokansivirales	99	0	0	0	0	0	0	0	0	19	0	31	0	0	0	0	0	0	0	0	0	0	0	0	0	0	68	0	0	0	0	32	0	9	23	0	0	0	0	0
Kitasatosporales	136946	115574	89831	89018	23897	104092	20843	20336	19182	29106	27819	48239	14482	19715	35820	30648	47651	35591	50999	50440	7035	9367	13219	61393	27152	26625	26283	94707	15798	58976	69563	60017	38527	34364	15949	47060	64155	36548	94672	47350
Koleobacterales	428	176	144	769	86	253	375	27	208	272	242	264	187	71	263	194	159	79	213	147	129	180	83	732	235	411	88	147	266	153	244	372	435	76	169	227	341	428	326	1017
Kordiimonadales	549	282	214	363	151	109	76	25	200	161	100	652	31	36	89	81	210	115	242	136	93	25	212	140	131	133	102	159	163	101	365	286	654	48	73	110	256	247	279	256
Kosmotogales	500	422	161	187	158	229	199	90	181	109	153	304	19	32	96	75	279	73	121	254	102	48	145	242	186	72	59	249	266	285	453	323	417	101	137	202	195	410	301	250
Ktedonobacterales	331	211	30	221	41	189	20	9	57	38	29	237	21	53	64	10	96	114	62	91	29	29	42	139	80	25	24	59	14	20	297	122	293	68	8	45	281	102	299	5
Lachnospirales	13148620	12663598	14701569	12089992	4868919	9061748	16312696	8100838	5880386	14479279	5354974	3002993	1623712	13684685	13216740	7823131	9797782	13296725	7573972	4620192	15480816	21399178	8167874	6592258	9406362	6723646	6414171	8317669	12026636	10827298	11201621	9015526	3813269	8093588	8641199	7818469	17758454	14170227	5558059	16856863
Lactobacillales	215237	167197	144052	270531	207050	552825	142954	170531	139772	111684	426486	464480	74616	1067700	1244956	177522	214723	312325	364286	322948	658616	872841	239851	236331	3066932	175735	182284	256533	667939	709477	115672	319618	82360	71101	1056757	113528	808222	772136	225714	4465608
Lamiales	16570	14867	8369	10148	3627	10022	7374	7332	3617	8411	28794	8661	3040	2706	5104	3775	10495	5198	5169	9653	3662	5252	6973	6865	4987	5554	4503	5682	8455	5483	7851	8098	7474	2731	5641	4409	6757	10637	13838	9326
Lautamovirales	0	0	0	0	0	0	0	0	0	0	0	0	0	0	0	0	0	0	0	1	0	0	0	0	0	0	0	0	0	0	0	0	0	0	0	0	0	1	0	0
Lefavirales	79	174	29	187	29	143	36	15	26	68	106	29	9	19	85	192	68	22	13	93	18	1	116	22	53	52	22	21	57	43	89	99	173	3	230	44	36	131	204	33
Legionellales	2496	2061	1097	1568	415	1945	1330	251	634	1046	1405	2204	799	571	496	658	1665	697	643	582	614	529	1270	881	585	863	1074	854	779	579	804	1152	748	393	1138	658	905	966	2263	2086
Lentisphaerales	17	25	11	12	5	22	12	2	11	7	10	11	10	67	24	4	16	46	0	31	2	4	9	7	12	18	12	31	15	12	17	11	14	20	13	44	63	30	57	10
Leptolyngbyales	641	934	922	663	256	687	201	161	212	410	296	437	119	117	289	214	499	279	400	388	206	192	483	590	301	630	220	567	359	226	510	425	321	206	246	419	705	458	1123	799
Leptospirales	1543	1480	860	1095	305	2086	739	181	493	747	1104	475	375	191	388	211	1187	566	611	496	401	733	1004	996	489	802	799	500	811	498	722	767	1257	381	736	460	571	1306	1769	1459
Ligamenvirales	0	17	0	13	0	5	0	3	1	9	1	0	0	0	6	3	2	1	0	5	0	1	1	2	1	7	14	0	1	2	0	0	4	0	0	0	1	1	1	2
Limisphaerales	315	83	70	59	30	59	2	17	34	28	22	51	9	26	5	14	107	30	6	190	12	26	19	160	34	32	16	41	9	0	44	46	42	89	8	45	22	133	291	7
Limnochordales	2642	1897	1482	931	369	741	89	111	476	526	195	1553	72	180	93	341	592	356	374	440	25	53	185	638	329	342	291	565	128	321	947	488	821	197	118	743	820	222	1118	430
Lysobacterales	31864	29797	18722	23005	5592	24050	6384	4195	5294	7410	7844	12227	2317	4434	8378	6545	11717	8948	12261	12366	2349	2747	5684	15235	5390	7302	6821	20032	4798	12735	15276	13258	10518	8009	5381	10739	14265	11655	28497	13380
Magnaporthales	652	731	356	410	202	597	404	125	117	374	343	371	74	79	253	196	466	195	394	278	299	113	577	174	308	170	161	351	313	166	310	360	244	287	221	185	251	403	1077	496
Magnetococcales	48	90	33	75	7	18	8	18	24	6	32	20	15	27	121	6	37	32	8	53	8	6	29	155	25	21	57	37	14	21	55	45	88	6	17	30	107	26	119	17
Magnoliales	4993	4182	2699	3092	1038	3290	2754	1076	1419	1669	2043	2267	1049	738	1203	1502	3206	1842	2092	1395	1121	1454	2470	2273	1458	2232	1620	1829	1874	1300	2686	2644	2294	1275	1889	1565	2151	2927	5633	3554
Magrovirales	0	0	0	0	0	0	0	0	0	0	0	11	0	0	0	0	0	0	0	0	9	0	0	0	0	0	11	0	0	0	0	0	0	0	0	0	0	0	0	0
Malasseziales	268	219	164	234	51	181	25	32	23	34	107	137	13	13	116	16	183	99	119	109	5	17	26	187	96	155	73	185	38	97	84	117	95	61	83	82	26	79	217	51
Malpighiales	31549	28379	13274	14723	5459	17643	18538	6524	7526	12705	9418	18237	5488	6459	6384	11076	19597	10003	10843	9740	7137	8507	11489	10697	7169	10877	8765	9913	11188	10429	17932	18436	11874	6586	10915	10154	11369	13370	26713	18517
Malvales	17061	15377	8243	9540	3656	9801	8356	3761	4291	7147	6346	8878	2913	3363	4206	6168	10354	5193	7660	4539	3656	4084	7912	6098	4958	7252	5375	5935	6496	4153	8199	8743	6163	3496	6437	5277	6637	8978	13235	10431
Mamiellales	913	615	384	264	170	433	73	111	153	107	156	341	72	43	270	90	218	126	192	220	174	72	86	396	139	150	143	239	206	153	343	281	145	113	124	103	348	127	232	352
Maricaulales	1047	1093	725	558	197	866	124	106	340	196	131	192	74	81	112	141	338	253	287	527	79	68	169	394	203	267	183	564	125	843	468	534	118	217	51	224	424	497	996	198
Marinilabiliales	5535	12578	5105	4504	1576	11145	2953	1312	6020	2488	12229	1441	1176	1278	1990	1505	4619	4196	3739	4357	1522	1994	5624	5093	1350	18264	2142	3101	1956	1864	2015	4650	2749	1385	3788	2350	1997	5730	20304	4396
Mariprofundales	90	223	189	97	75	140	203	21	146	91	67	123	14	41	22	20	100	31	67	158	51	29	198	37	81	53	16	46	56	106	79	118	155	19	174	135	311	84	165	103
Martellivirales	28	1	2	5	0	1	0	1	0	1	0	0	0	1	0	0	3	7	1	0	0	3	0	1	2	4	2	0	3	0	2	1	1	0	0	0	0	2	2	0
Maximonvirales	6	7	19	1	4	4	0	7	0	0	1	3	2	3	8	2	24	2	0	0	3	3	10	2	1	13	11	1	2	1	12	10	4	6	9	3	1	2	3	1
Mesoaciditogales	26	17	6	2	14	53	5	2	15	11	2	30	11	4	1	5	37	9	5	13	7	4	4	20	18	7	32	8	19	4	8	3	7	11	4	4	14	37	26	7
Methanobacteriales	1360	501855	1051	1048	427	1175	925	291	550	728	914	1128	366	452	508	1108	1517	452	836	341	642	398	748	1206	433	1094	575	843	1030	586	936	1306	1048	574	618	966	1186	1438	1387	3092
Methanobavirales	0	0	0	0	0	0	0	0	0	0	0	0	0	0	0	0	0	0	0	0	0	0	0	0	0	0	0	0	273	0	0	0	0	0	37	0	0	0	0	0
Methanocellales	300	265	303	305	126	348	96	66	26	124	16	227	36	74	22	176	60	114	105	67	10	166	22	118	92	130	32	360	16	316	332	187	90	115	20	137	279	95	32	186
Methanococcales	974	691	397	571	163	587	244	66	229	432	332	919	148	117	261	238	510	165	227	167	254	155	235	321	154	192	371	388	424	321	490	567	571	184	425	381	616	492	752	739
Methanomassiliicoccales	357	315	229	164	66	299	144	99	136	185	66	77	66	79	139	168	209	60	121	198	266	114	107	362	36	78	66	252	411	181	300	258	124	112	80	117	317	234	268	302
Methanomicrobiales	1616	1363	1126	1179	405	1239	676	232	545	779	568	675	310	190	850	375	1005	521	886	370	349	203	796	1143	314	427	616	620	740	514	806	664	795	423	645	510	766	903	1456	3298
Methanonatronarchaeales	11	47	2	7	0	1	3	2	9	3	1	3	0	0	1	2	16	2	22	0	6	3	6	2	0	2	7	2	30	12	4	14	1	6	6	0	3	5	0	4
Methanopyrales	56	7	78	4	0	0	0	3	0	1	3	60	2	0	1	0	2	0	2	8	0	1	2	1	1	1	5	4	7	1	0	2	5	0	5	2	7	6	12	17
Methanosarcinales	1554	1908	1459	1501	629	1393	1443	352	768	1565	827	955	247	349	1178	611	1447	913	1026	514	748	518	1118	1208	680	1252	939	1012	982	806	1253	1436	1118	677	889	879	1467	1455	2390	2114
Methanotrichales	78	168	92	65	40	85	14	20	30	41	40	181	18	33	11	13	111	105	33	49	0	9	11	109	30	11	13	88	3	44	77	57	19	20	14	62	63	15	40	31
Methylacidiphilales	76	370	22	119	58	136	63	13	142	51	16	68	244	37	29	21	95	32	53	70	18	14	70	59	31	87	67	28	171	58	57	37	27	12	23	134	120	80	206	77
Methylococcales	5645	4733	3217	5129	1261	3784	1703	937	1619	1923	1725	2475	517	949	2691	1251	2972	2044	3163	1749	854	593	2134	4108	1218	1997	1584	3790	1349	2434	2852	2705	2728	1605	1496	2001	2578	2939	5853	4900
Micrococcales	103005	92693	65224	62230	23199	75840	17094	42391	19998	22691	24169	42347	123760	17953	74382	23874	38368	26950	35837	37508	16527	8352	13277	43980	25553	22554	22044	61438	29496	38632	47909	52504	30811	25746	16379	35328	77151	27701	64470	82550
Micromonosporales	26778	23192	16680	18087	4534	19454	3887	3428	3584	5734	5167	9461	1626	3934	5944	5513	9172	6837	9066	8755	1626	1927	2892	11451	4565	4904	5293	17486	2956	12269	14233	10952	8361	6050	3283	8420	13630	6841	19140	8959
Miltoncostaeales	361	269	220	190	114	112	34	34	35	55	60	266	34	33	38	52	151	58	136	56	11	15	31	111	54	75	40	205	49	157	178	148	171	100	72	216	138	65	198	232
Mindivirales	0	1	6	0	4	0	0	0	29	0	1	8	0	0	0	11	0	19	0	7	0	0	0	0	3	19	0	0	10	0	0	4	0	0	0	0	0	0	0	0
Minwuiales	226	251	77	101	31	90	40	20	56	39	90	30	10	23	105	18	77	48	136	33	8	8	34	190	119	20	65	97	9	58	94	45	100	38	53	63	41	103	188	30
Monoglobales	8667	8973	67579	6748	6855	98242	43052	2550	22420	3971	8221	35550	1494	1292	1878	3053	11102	31422	3728	1242	1529	1519	96507	7650	11887	3946	6582	2833	3540	4176	16370	5032	20667	2099	8389	5786	6411	4289	28788	101052
Mononegavirales	14	84	182	8	14	24	136	34	5	200	15	0	5	36	14	4	37	52	29	2	6	4	28	8	14	37	14	2	56	8	80	21	1	154	5	8	7	41	66	41
Moorellales	4025	2760	2223	2145	726	2362	1103	349	1876	1201	818	2463	443	367	673	667	2244	981	1152	1083	500	388	1513	1799	875	904	796	1570	843	1517	1195	1370	1107	695	645	1044	1175	1705	2750	1945
Moraxellales	8726	11370	6454	12032	2364	8108	8407	3195	5160	6337	5545	4562	1683	2517	4370	2413	8686	3608	5642	3594	2863	2532	7066	6087	2762	6536	3711	3574	4269	4382	6567	9051	5493	3576	4586	4706	4573	7089	12632	14090
Mulpavirales	0	0	0	0	0	0	0	0	0	0	0	0	0	0	0	0	0	0	0	0	0	0	0	0	0	0	0	0	0	0	0	0	0	0	0	1	0	0	0	0
Muvirales	0	0	0	0	0	0	0	0	0	0	0	0	0	0	0	0	0	0	0	0	0	0	0	0	0	0	0	0	0	0	0	0	0	0	0	0	0	0	0	0
Mycobacteriales	80094	70834	45502	47733	17527	63323	14590	12313	14041	18331	17298	31978	7280	19536	22822	14329	28921	20227	27488	28387	9564	6716	15227	33982	20496	16399	16118	42488	14565	30139	32722	33177	23577	19252	12560	24846	39182	25714	56108	41619
Mycoplasmatales	3395	3013	572	926	644	652	699	132	333	793	460	2508	439	332	437	722	959	1206	738	396	449	722	1018	755	398	697	438	483	863	418	1917	1183	657	317	470	504	794	1127	3167	1264
Mycoplasmoidales	6413	5901	1650	1693	861	1564	1737	221	614	1762	931	4205	847	919	1072	1500	2300	1708	1104	765	1067	674	2003	1147	889	1164	902	1059	1885	1172	2669	2187	1147	576	1194	943	1373	1475	4739	2236
Mycosphaerellales	371	429	352	449	80	429	156	72	145	164	260	143	17	99	119	173	235	184	293	271	55	189	87	224	139	171	133	315	154	414	453	270	133	125	165	130	261	158	512	322
Myrtales	6939	5720	3019	3777	1340	5066	3831	1497	1614	3503	1980	3828	1331	1030	1991	2578	4402	2239	2180	1663	1633	2041	3472	3816	1946	3426	2070	2774	2599	2260	3440	3465	3180	1350	2157	1891	2654	4270	6423	5053
Myxococcales	10383	9143	6027	5960	1859	7046	1717	1301	1504	1876	2088	4504	405	1375	2067	1880	3342	2414	3731	3554	385	564	1262	4765	1618	1888	1742	6781	1040	3518	4915	4456	2843	2548	1289	3327	4284	2948	6813	3113
Nakamurellales	833	987	402	443	175	369	93	104	128	123	223	350	25	161	507	130	196	383	383	300	72	69	54	501	86	209	253	431	111	275	358	246	440	203	186	204	581	333	1039	164
Nakonvirales	0	21	0	0	0	0	17	0	0	0	0	0	0	0	0	0	0	0	0	74	0	0	0	0	0	61	0	37	0	0	0	0	0	18	0	0	0	0	20	0
Nannocystales	869	599	460	400	48	559	89	106	49	161	64	294	29	128	79	171	325	129	202	321	14	34	26	246	132	200	120	661	19	481	496	346	145	228	36	220	496	252	345	276
Nanobdellales	16	36	6	1	3	6	5	2	17	5	14	2	0	0	4	23	3	0	3	3	5	2	4	5	2	133	1	9	2	4	2	5	0	1	12	1	3	5	1	7
Natranaerobiales	536	350	175	115	79	207	312	16	34	237	84	298	64	119	58	47	197	61	280	43	211	30	52	203	158	43	246	122	198	143	165	219	299	79	70	60	93	283	921	172
Nautiliales	998	749	460	476	119	599	426	127	179	538	278	328	265	159	192	273	533	217	238	110	152	254	450	495	231	198	350	575	505	461	581	365	551	185	293	308	599	627	637	878
Naviculales	38	88	9	31	25	29	18	5	7	73	66	32	7	6	7	12	39	17	5	8	19	12	17	2	19	22	9	57	31	16	15	82	21	7	29	12	10	26	27	43
Neisseriales	16129	15427	8649	17495	3998	11599	5914	2647	3941	5887	5615	6554	1591	3014	5904	4330	7612	4856	6901	6124	2617	1748	5341	9094	3056	4590	3621	10599	4048	7402	8449	7817	5750	5535	4274	7004	8379	8298	16698	13519
Nevskiales	615	790	363	1427	146	423	144	140	533	56	332	294	154	87	597	145	322	634	813	421	50	33	195	878	125	759	694	410	45	259	291	467	521	286	250	295	162	462	1960	207
Nidovirales	7	1	0	0	0	3	2	1	2	0	0	1	0	0	0	0	40	0	1	0	1	0	1	0	2	1	6	1	0	2	1	3	1	1	1	2	1	0	10	1
Nitrosomonadales	7886	7995	4131	9278	2284	4721	1936	790	2021	2383	3085	3854	868	995	2009	1240	3300	2364	3016	4301	956	664	1777	3531	1617	2084	1859	3817	1743	2193	2986	3062	3283	2358	1808	3865	2646	4895	8330	5852
Nitrosopumilales	301	315	85	173	56	122	124	30	110	100	71	65	37	47	54	33	175	209	72	56	44	88	75	99	109	58	116	112	60	83	95	112	38	62	106	120	111	151	324	154
Nitrososphaerales	74	187	80	88	44	101	29	10	25	74	31	12	50	11	25	46	56	38	45	21	23	41	20	36	46	41	43	78	64	19	51	74	56	54	63	67	90	68	69	196
Nitrospinales	345	519	327	312	93	212	210	52	126	102	216	138	0	60	398	36	242	152	453	51	20	28	206	427	46	60	152	200	137	91	171	222	375	71	187	156	88	250	364	181
Nitrospirales	784	788	389	475	129	393	297	90	302	371	193	334	53	70	249	121	300	206	297	206	104	79	309	361	191	170	267	354	240	243	276	293	202	166	140	236	310	671	588	794
Nodamuvirales	0	0	0	0	0	30	11	5	0	0	0	0	0	0	7	0	0	0	0	0	0	0	0	0	0	0	0	11	0	0	0	0	0	0	10	0	0	0	0	0
Nodosilineales	264	337	35	11	30	30	14	13	31	38	82	246	14	45	28	13	66	100	25	39	27	23	25	37	67	85	63	59	74	43	31	62	13	53	57	19	149	32	161	49
Norzivirales	13	11	7	9	19	0	48	40	5	0	7	4	0	0	3	72	45	5	8	2	0	6	0	5	0	10	8	5	105	0	68	18	8	3	63	51	69	22	17	171
Nostocales	3026	3465	2666	2615	811	2822	2221	553	1356	2384	1468	1698	924	559	1728	414	2779	1261	2413	974	882	495	1279	2694	886	1702	1440	1655	1826	1362	1489	1983	3730	797	1752	1367	1175	2312	4385	4093
Nymphaeales	2203	2129	1228	1516	599	1760	1853	272	668	812	646	897	390	735	484	698	1946	876	763	540	508	558	1002	1550	427	1045	668	907	1041	795	1259	1453	900	509	593	767	595	1364	2076	2120
Oceanospirillales	17588	19284	10895	15736	4341	14164	5058	2278	5625	6672	6272	7659	2896	2235	6546	3465	9313	6251	8425	7711	2741	2080	5519	11675	3824	6194	5926	10535	4459	6600	8960	8227	9085	4953	5420	6385	7984	10657	19800	13454
Oculatellales	548	332	121	384	39	388	169	103	163	182	31	145	11	58	146	93	184	101	382	53	67	115	84	62	16	169	84	277	125	83	313	56	64	174	123	54	239	120	753	72
Onygenales	17	121	30	47	23	84	7	15	15	34	30	12	2	5	11	6	27	28	9	156	2	9	17	23	46	59	30	28	8	17	12	9	31	32	8	29	23	103	86	29
Opitutales	2521	2107	1285	1192	559	1555	302	207	355	481	631	1281	200	238	716	280	715	436	729	846	221	118	540	951	315	636	395	1275	531	590	968	686	493	431	331	813	705	548	1265	642
Orbales	919	536	499	463	175	1294	303	105	367	717	282	491	85	161	266	1382	552	246	527	390	106	720	296	230	324	259	214	384	200	642	637	1247	309	195	244	316	341	1190	902	1197
Ortervirales	0	10	0	18	3	5	0	91	1	6	0	0	62	9	0	2	14	2	5	0	3	0	1	10	1	5	13	8	4	9	6	2	3	5	10	23	1	17	7	13
Orthopolintovirales	0	0	0	0	0	0	0	0	0	0	0	0	0	0	0	0	0	0	0	0	0	0	0	0	0	0	0	0	0	0	0	0	0	0	0	0	0	0	0	0
Oscillatoriales	939	998	630	751	237	670	381	99	325	467	295	317	225	196	168	187	698	223	456	269	265	239	398	443	254	525	341	436	398	401	509	620	235	224	328	270	491	470	1491	659
Ourlivirales	9	0	0	0	0	0	0	0	0	0	0	0	0	0	0	0	0	0	0	0	0	0	0	0	0	0	0	0	0	0	0	0	0	0	0	0	0	0	0	0
Parachlamydiales	457	469	568	223	86	556	235	114	86	320	244	195	65	26	216	55	253	429	306	56	67	657	86	293	65	68	179	376	271	417	220	251	278	79	114	324	281	152	176	394
Parvularculales	574	397	262	189	126	307	96	123	33	347	99	267	36	55	166	94	201	91	96	136	177	39	125	98	59	126	233	254	306	186	141	152	100	155	197	122	263	290	313	361
Pasteurellales	5366	5697	3789	11793	3148	66830	3968	1284	3464	4776	20692	4744	1273	1686	9280	8781	71030	26000	4323	4135	1629	2425	4232	5843	1764	3336	55385	2675	3342	2412	2785	105186	4040	25295	6339	25807	3332	4402	20414	48446
Patatavirales	32	0	5	6	7	0	0	3	0	2	2	20	0	0	8	1	0	2	4	1	0	0	0	3	2	0	0	2	0	2	1	0	4	2	4	5	0	24	12	0
Peniculida	2	77	11	104	5	1	2	1	1	28	26	0	0	1	0	1	13	2	1	3	0	40	3	0	29	0	1	1	56	3	55	40	85	10	1	0	0	2	0	2
Peptostreptococcales	220240	103698	139815	207085	75348	145892	95014	68208	73652	210223	45008	146346	43256	178007	152771	83257	149265	110114	59689	78680	157171	206609	149987	108863	177624	53711	90327	142291	204419	105390	127853	97667	99320	87212	208714	83289	472965	113851	212389	434120
Peronosporales	307	94	115	64	33	170	31	320	113	100	175	105	52	15	19	45	174	42	56	145	21	10	27	35	51	28	47	65	121	45	48	83	470	26	30	94	58	85	140	59
Petitvirales	0	1755	71	2	0	0	0	0	7	0	42	938	0	0	0	0	0	0	0	0	0	0	1	0	144	22	0	0	0	1	0	1	5	0	0	0	0	583	0	2
Petrotogales	1809	1168	412	525	179	493	409	87	391	612	265	800	117	212	204	295	653	176	337	191	228	142	306	398	234	569	302	355	389	348	875	715	178	412	399	156	285	670	628	521
Phototrophicales	52	281	49	149	51	54	45	15	52	18	170	34	1	81	304	21	84	101	163	44	17	2	40	188	15	19	73	83	21	23	67	158	202	78	69	45	45	83	139	7
Phycisphaerales	918	625	348	351	163	567	210	69	68	120	99	217	43	110	271	81	138	250	116	274	48	43	35	258	42	109	116	453	47	216	690	384	96	112	37	290	393	141	553	263
Piccovirales	5	0	0	7	0	1	0	1	5	3	3	0	0	3	6	0	3	1	0	0	0	5	11	0	0	2	0	5	8	0	1	1	1	0	0	0	5	1	0	21
Pichiales	244	251	139	163	96	213	219	69	150	186	136	75	24	108	152	66	221	113	171	112	102	93	222	142	133	292	93	146	215	140	151	291	235	84	108	70	163	250	166	276
Picornavirales	5	26	11	1	11	3	5	0	3	0	0	1	0	1	0	16	39	7	3	13	1	0	3	19	8	15	2	2	4	1	2	1	5	4	1	16	0	31	0	2
Pimascovirales	26	35	8	37	2	15	3	2	3	5	5	221	37	4	3	2	13	1	19	2	9	3	8	12	20	73	20	3	25	8	6	31	5	11	18	1	7	6	13	23
Pirellulales	3900	3543	2258	2205	850	2744	1282	469	945	1134	911	1584	360	650	596	711	1616	914	952	1417	429	294	789	1662	675	900	810	2172	797	1923	1812	1537	1082	782	531	1114	1871	1550	3049	1857
Piroplasmida	533	429	269	208	111	396	138	70	148	231	173	304	101	156	100	64	242	164	67	187	88	38	91	106	91	142	253	180	163	128	360	271	342	54	118	169	183	162	224	257
Planctomycetales	3752	3882	2463	3279	802	3604	1164	570	1225	1660	933	1262	214	910	1237	925	1657	1132	1187	1677	477	421	788	1699	818	1436	1130	2352	957	1633	2370	1929	1628	744	802	1123	2149	1927	3737	2508
Pleosporales	331	380	112	177	111	331	62	29	78	223	61	192	17	82	68	71	104	87	35	89	99	36	83	226	82	56	89	262	73	105	186	72	56	56	70	89	288	145	210	188
Pleurocapsales	302	196	138	91	67	212	141	19	121	106	94	139	15	32	40	50	147	56	47	52	44	16	91	33	41	67	82	47	29	76	140	101	114	54	67	90	283	176	90	131
Poales	67333	65349	39884	43958	13633	45978	35916	19534	17230	30483	25473	33180	12304	12502	19864	20147	40060	68021	25267	24142	14282	17142	25852	30855	19412	26050	20792	30449	26567	26078	35594	37292	30078	16117	22002	25266	29704	34007	60793	45371
Polivirales	0	0	0	0	0	0	0	0	0	0	0	0	0	0	0	0	0	0	0	0	0	0	0	0	0	0	0	0	0	0	0	0	0	0	0	0	0	0	0	0
Polyangiales	4384	3478	2130	1389	789	1555	314	312	416	548	772	1840	460	218	381	301	732	637	619	1174	167	159	139	1107	681	800	465	1614	556	485	1030	1185	737	624	338	1138	695	802	1644	747
Priklausovirales	0	0	0	0	0	0	0	0	0	0	0	0	0	0	0	0	0	0	0	0	0	1	0	0	0	0	0	0	1	0	0	0	0	0	0	0	0	0	0	0
Primates	65649	57908	32765	40741	13957	39239	36067	66685	16312	30382	22416	37640	28781	12709	17796	18055	40299	21673	23055	21489	16772	18164	24906	24762	17457	24566	20020	28330	28122	21691	32473	33349	35735	12939	23404	20732	26893	30950	47127	38976
Primavirales	0	0	0	0	0	0	0	0	0	0	0	0	0	0	0	0	0	0	0	1	0	0	0	0	0	0	0	0	0	0	0	0	0	0	0	0	0	0	0	0
Propionibacteriales	31773	25670	19131	21122	5712	20475	4149	5832	6026	6447	6205	13118	2608	6864	9606	5738	9759	9265	9371	10707	3501	5500	4391	13573	7719	6490	5624	16267	5028	10264	11045	13817	8420	12296	5322	9494	12350	7133	17898	27918
Proteales	6071	6290	4037	4113	1459	4885	3641	1949	1665	3158	2187	3085	1344	1519	1571	1945	4415	2091	2248	2096	1653	1657	3120	3757	2003	2504	1912	2638	3227	2734	3252	3301	3645	1472	3261	2873	2860	3907	5085	5109
Pseudanabaenales	463	559	194	531	112	454	263	65	145	313	265	181	28	73	296	94	373	230	371	146	134	92	234	398	167	338	216	269	283	311	259	319	193	166	140	320	239	509	330	573
Pseudomonadales	77515	65465	41755	51948	14443	48660	17478	10345	15220	20568	18834	35552	7540	12532	25199	14122	30139	21893	32541	26270	7667	7230	15915	38095	12878	19245	16979	41496	14437	32315	36887	31834	26419	18982	14473	24500	32376	32531	65800	37271
Pseudonocardiales	28232	25917	18793	18289	4925	22750	4253	3606	3628	5127	5306	9481	2744	4178	5035	6845	9781	6924	8909	11384	1394	1709	2597	11587	5367	5979	5217	19373	3208	13109	15948	14214	6575	7121	2568	8748	14626	7853	21025	10639
Pucciniales	469	370	382	410	136	663	232	244	121	466	219	123	97	175	258	104	385	234	356	154	147	140	323	288	172	310	277	451	388	237	355	271	215	133	238	211	251	359	705	314
Puniceicoccales	638	603	351	424	75	491	102	87	106	210	242	333	54	92	140	97	275	245	289	434	128	64	87	321	266	203	144	412	139	116	234	298	360	121	184	192	291	309	794	690
Pyrenomonadales	0	1	0	0	2	0	0	0	0	2	1	2	0	0	12	13	0	2	0	1	1	7	0	0	0	2	0	0	0	0	59	0	0	0	0	0	0	3	0	2
Ranunculales	7203	6611	4442	4264	1891	4844	4136	3475	2029	3688	3533	3288	1335	1350	2090	1970	5234	2649	2292	2070	2131	1761	3798	2606	2673	2769	2628	2819	3565	2847	3417	3580	3825	1397	3655	2380	3551	3849	4751	5427
Recrevirales	0	0	0	0	0	0	0	0	0	0	0	0	0	0	0	0	0	0	0	0	0	0	0	0	0	0	0	0	0	0	0	0	0	0	0	0	0	0	0	0
Reovirales	186	10	0	3	0	1	25	3	0	4	0	0	0	9	15	0	1	4	1	0	0	0	0	2	0	0	2	7	0	0	8	0	2	5	1	2	8	0	1	0
Rhodobacterales	47331	39868	32422	29048	8390	28757	8682	5800	7811	14562	11536	19178	3037	5723	13798	8335	16618	11691	17114	16667	3665	3272	7891	21876	7286	8705	10116	24994	6685	15622	21359	17934	16193	10552	7910	13464	18339	17021	35805	16823
Rhodocyclales	11664	10838	6689	11007	2319	8355	4114	1460	1849	2535	3848	4015	960	1714	4336	2135	4922	3048	5802	4740	996	803	2104	5996	1816	2245	2644	7292	1842	4682	6238	5749	3958	3495	2426	4791	4971	5147	10158	7212
Rhodospirillales	27319	25253	15000	17389	5675	18725	6262	3711	10376	8302	6962	11560	2149	4017	8215	5233	10661	8210	9891	10257	2665	1686	7089	13821	5131	6856	5948	15716	3956	10410	12874	11341	9023	5974	5532	8616	9874	10525	20559	9273
Rhodothermales	1435	1509	775	769	281	1097	243	136	294	182	277	847	40	130	282	236	408	443	418	657	67	40	140	666	166	940	371	679	81	371	613	537	478	317	161	467	423	583	1360	203
Rickettsiales	5942	3361	1043	2068	673	2435	1650	283	840	1222	960	3514	405	273	724	463	2264	1243	1029	1052	442	516	1687	1315	520	1330	1361	972	1329	849	1867	2006	1901	653	996	790	1152	1824	3169	1903
Rivendellvirales	0	0	0	0	0	0	0	0	0	0	0	0	0	0	0	0	0	0	0	0	0	0	0	0	0	0	0	0	0	0	0	0	0	0	0	0	0	0	0	0
Rohanvirales	0	0	0	0	0	0	0	0	0	0	0	0	0	0	0	0	0	0	0	0	0	0	0	0	0	0	0	0	0	0	0	0	0	0	0	0	0	0	0	0
Rosales	28025	31113	14050	17188	6164	36468	13848	10908	7931	13709	10243	16961	5672	5256	8050	7178	19670	9823	12100	10070	8131	12309	12696	13904	8283	10534	8938	11513	13057	9728	17247	17445	12592	5888	10980	9624	10399	14343	21664	25604
Rowavirales	76	8	0	1	4	2	0	0	1	9	1	2	2	8	2	2	2	3	0	2	1	3	2	2	14	0	0	98	3	3	76	9	2	1	0	0	4	8	18	1
Rubrobacterales	1629	1494	795	514	280	704	110	118	138	284	294	872	82	68	96	185	553	160	206	505	104	107	266	411	250	227	145	620	261	347	380	499	239	263	68	507	324	246	419	336
Saccharomycetales	1422	2734	1684	920	340	1426	1098	267	1561	919	758	783	341	315	1233	1528	1327	930	481	679	1905	209	871	738	548	757	635	789	777	708	964	1271	1185	368	627	487	429	980	2226	2996
Saccharomycodales	123	116	57	75	37	39	9	24	13	53	87	144	29	53	39	10	88	57	12	32	20	5	82	23	29	6	32	50	41	108	124	81	99	29	75	43	67	13	87	45
Salinisphaerales	119	29	59	33	19	76	1	7	13	15	26	27	21	5	12	3	16	18	5	48	20	11	5	13	86	8	16	4	11	20	14	34	27	10	12	26	3	25	116	12
Santalales	5554	9126	2670	4306	1444	4733	3634	2034	2143	2921	2825	3863	1437	1354	1716	1669	3735	2824	2497	1847	1886	3895	3626	2922	2182	3032	1999	1963	3142	1833	3396	3928	2358	1510	2794	2039	2862	3829	6164	5662
Sapindales	6563	5520	2373	2423	1205	3440	2825	1032	1658	2599	1811	4464	975	917	1188	1859	3129	2619	2960	1851	1094	1585	2223	2327	1485	1762	1694	1335	1847	2227	3020	2802	1787	1118	2247	1816	2163	2973	4954	3878
Saprospirales	535	771	292	532	106	461	274	74	344	174	319	385	153	41	442	55	288	200	538	217	65	106	434	517	138	963	293	177	225	209	321	467	480	130	201	208	75	429	889	177
Schizosaccharomycetales	407	293	190	144	48	290	97	73	319	55	208	69	34	38	26	14	151	150	51	80	23	36	188	81	31	77	83	138	26	37	141	122	57	30	58	53	26	83	210	95
Sedimentisphaerales	791	763	340	302	128	445	304	129	170	287	219	531	107	48	194	221	411	185	129	169	199	59	129	194	145	270	251	310	428	233	245	248	494	167	176	249	476	361	235	719
Selenomonadales	22530	20011	12873	5705282	6373	19293	10819	3638	1557760	9962	7374	17378	4152	3702	6238	12536266	12070	8461	7400	162887	4686	5047	12324	154020	7454	6289	6728	12554	7556	7735	32498	11719	9017	5395	5275	7430	12710	63133	21030	19549
Sepolyvirales	0	0	0	0	0	2	0	0	0	0	0	0	0	0	0	0	0	0	0	0	0	0	0	0	0	0	0	0	0	0	0	0	0	0	0	0	0	0	0	1
Serinales	829	798	1003	518	211	449	421	106	326	334	402	611	106	130	182	119	512	220	240	207	212	193	244	377	175	212	204	602	339	266	579	440	180	160	292	3692	324	489	500	575
Serpentovirales	0	27	0	60	0	0	9	1	0	0	9	0	0	0	9	0	0	0	47	0	0	9	0	5	0	3	0	0	40	12	13	0	4	0	0	0	0	7	56	76
Silvanigrellales	517	341	67	262	117	319	113	34	89	176	86	201	84	47	64	121	206	69	150	46	105	35	92	154	39	268	95	117	170	155	170	196	210	128	105	173	153	78	335	206
Sneathiellales	202	325	149	556	70	196	217	66	226	79	219	241	20	46	595	65	340	236	701	21	34	29	211	719	34	33	191	138	27	103	321	254	465	221	352	181	60	249	487	133
Sobelivirales	0	0	0	0	0	0	0	0	0	0	0	0	0	0	0	0	0	0	0	0	0	0	0	0	0	0	0	0	0	0	0	0	0	1	0	0	0	0	0	0
Solanales	57630	53214	27993	57288	11792	35000	29446	15454	15181	25697	20361	32793	10467	11516	15554	19654	33930	18814	19177	15121	12492	16217	22253	21068	15321	23364	16880	18599	22695	17470	26759	29034	25545	10413	19995	16461	33027	29953	46837	35162
Solirubrobacterales	3784	3390	2036	2400	754	3072	415	307	450	566	912	1865	181	379	637	747	1325	888	950	1583	106	217	262	1477	576	615	550	2423	291	1201	1761	1639	689	781	333	1156	1601	834	1882	1380
Sordariales	777	953	708	590	296	370	296	129	195	565	242	287	73	247	178	299	457	370	194	281	269	56	302	506	195	382	196	385	419	197	442	475	356	126	183	573	271	602	958	387
Sphaerobacterales	260	272	236	150	33	119	14	35	41	26	121	381	18	17	29	6	80	60	113	86	5	1	34	199	31	54	50	114	21	18	104	117	123	49	49	111	28	71	198	14
Sphingobacteriales	10041	20233	9149	7144	3257	13938	3381	1636	8679	5832	13980	5369	2205	2166	2218	1768	8691	5886	6243	6860	1896	1380	8241	8694	2876	26039	4176	5551	3887	3778	3514	7227	4353	2820	4588	3546	4015	9783	33278	6965
Sphingomonadales	46361	46581	26256	29128	9345	29534	9227	5350	7983	9162	12078	18946	2993	6019	9621	7125	15885	13607	15649	21240	3193	3139	7328	21383	7055	10485	11385	26550	7359	16526	20917	19006	16188	10168	5946	14583	18660	18194	36428	17010
Spirochaetales	20300	18655	15304	17038	5483	16603	14055	3539	5758	11506	7903	12431	2723	4106	10679	5047	12175	9115	10657	7190	5182	4342	13314	14743	5737	8933	8482	17435	13426	10513	13364	12857	14076	8321	8120	7051	12222	15332	26165	23049
Sporichthyales	424	201	118	65	75	95	2	5	6	6	42	84	2	13	6	3	22	9	7	38	6	0	12	55	22	29	19	61	11	16	35	76	29	16	7	59	8	21	16	13
Stellavirales	2	3	1	0	0	0	0	0	0	0	0	0	0	0	0	0	0	0	0	4	0	0	0	0	0	0	0	1	0	0	0	0	0	0	0	0	0	0	0	0
Steroidobacterales	511	154	656	404	82	95	72	27	83	112	27	10	10	26	70	79	55	469	50	388	17	738	114	121	57	106	143	190	179	318	106	83	62	146	45	55	48	363	274	98
Streptosporangiales	14734	13280	8389	8397	2614	9391	1773	2057	1711	2835	3148	5165	882	1756	3664	2330	4753	3652	4773	5180	830	638	1476	5875	2120	2929	2858	8647	1431	4271	6182	6185	4533	3132	1894	4710	5922	3476	8919	4402
Sulfolobales	1102	576	383	280	148	483	263	211	268	437	194	398	85	153	215	101	305	193	456	206	139	114	111	263	264	162	186	218	303	226	270	303	407	98	311	126	173	574	548	363
Synechococcales	8208	6896	5085	4453	1385	5064	1794	1136	1747	2362	1943	4183	728	1262	2135	1303	3742	2069	2528	2726	912	632	2262	3903	1344	1698	1707	3887	1416	3197	3598	3595	2705	1420	1442	2128	3533	2611	6525	3348
Synergistales	12291	11843	44417	7050	2008	5672	1194	846	1447	1545	3653	5641	543	646	1871	1467	2490	1839	1856	85201	795	679	2920	3482	1315	4474	2270	4140	1386	1820	2762	10559	6786	1811	1530	2745	3373	3497	6770	4250
Syntrophales	89	149	118	53	37	109	12	25	38	24	38	140	29	18	19	7	34	46	31	105	31	14	37	73	52	35	23	35	82	36	43	29	77	34	23	20	87	114	256	63
Syntrophobacterales	416	382	205	422	47	291	63	78	98	121	177	273	23	48	67	59	222	147	302	115	55	53	100	348	137	65	112	277	73	133	219	200	374	171	118	104	99	304	318	266
Tepidiformales	537	563	381	420	99	366	253	66	47	143	45	164	13	70	59	89	146	101	102	119	23	49	107	207	94	130	55	358	62	104	282	109	101	156	37	107	303	210	240	418
Tepidisphaerales	136	285	269	118	87	219	7	34	36	73	137	212	7	27	38	43	85	47	89	378	4	7	13	109	34	63	18	250	9	171	95	123	77	88	12	107	31	59	96	68
Terriglobales	3508	3694	2277	2333	845	2694	755	547	927	1251	980	1720	484	609	946	839	1591	970	959	1719	418	403	738	2052	627	774	766	2364	1051	1155	1796	1527	1330	796	999	1210	1745	1745	2896	2921
Thalassiosirales	161	161	76	83	39	78	4	97	3	102	38	28	11	26	64	48	37	66	31	51	61	12	10	69	13	25	32	87	112	40	109	38	36	72	4	63	72	58	146	127
Thermales	2623	1845	1447	1203	542	1453	434	464	416	762	437	1246	148	142	451	450	763	503	643	601	374	145	251	736	492	391	452	1704	481	834	957	903	590	625	238	1082	603	774	1597	1137
Thermoanaerobacterales	10399	6725	3092	4033	1485	5073	3336	712	2194	2670	1926	6866	1458	691	1337	967	4839	1268	1454	1528	1168	1101	2923	3127	1445	1717	2664	2267	3089	2251	3463	3857	3788	1102	2298	1886	2038	3859	5779	5533
Thermococcales	1295	1233	616	853	258	1261	546	141	375	499	321	799	120	126	441	288	585	274	151	248	145	187	388	557	418	280	330	595	403	479	334	651	522	243	151	332	619	443	1147	1231
Thermodesulfobacteriales	505	335	179	236	88	159	151	48	139	207	262	364	114	35	69	55	261	162	134	136	44	118	133	104	199	66	160	125	107	220	215	200	88	69	120	158	112	338	138	175
Thermodesulfobiales	105	38	33	44	13	33	48	8	47	11	18	69	17	8	4	16	29	14	26	20	16	9	20	17	23	16	37	38	24	20	70	31	92	52	17	19	35	35	47	68
Thermodesulfovibrionales	547	225	284	160	71	189	137	81	152	204	130	257	115	132	125	53	291	101	73	78	109	72	114	128	88	302	191	103	191	235	168	211	96	98	126	156	135	144	275	340
Thermofilales	63	8	71	59	20	14	274	33	3	17	2	17	6	5	26	3	12	5	6	28	17	2	6	12	8	14	27	9	79	16	17	30	139	5	61	4	10	6	51	17
Thermoflexales	614	247	166	151	40	58	4	14	222	54	72	121	12	24	7	9	266	33	61	49	6	3	199	170	10	26	24	66	15	170	79	62	55	12	16	64	27	43	177	16
Thermoleophilales	97	42	189	35	50	44	30	7	4	238	40	70	4	6	31	12	100	21	27	15	10	17	21	38	26	53	10	95	86	13	100	168	63	4	5	34	57	73	36	95
Thermomicrobiales	158	127	30	122	20	48	6	7	13	12	11	99	1	4	3	14	34	35	9	24	3	13	28	19	27	22	12	9	35	19	32	25	8	30	11	51	51	25	29	81
Thermoplasmatales	231	193	98	38	108	92	66	36	48	58	35	86	50	38	50	96	242	45	102	64	61	60	60	31	68	75	77	47	61	71	229	143	168	63	75	61	94	224	285	38
Thermoproteales	142	93	72	120	48	54	19	66	65	66	63	91	7	21	48	68	31	26	15	65	27	17	101	56	10	27	34	64	47	33	152	88	52	13	11	64	185	19	68	89
Thermosediminibacterales	2576	1586	958	1284	371	1261	1083	283	416	883	323	2208	207	336	270	271	836	415	317	322	152	171	1098	564	474	427	410	687	845	677	970	1311	662	361	588	349	1114	965	1158	1362
Thermostichales	48	163	262	56	52	26	4	10	22	22	243	16	3	11	4	18	139	51	28	95	9	8	77	25	14	17	45	64	3	7	13	90	6	7	10	37	14	25	34	83
Thermosulfidibacterales	66	25	6	31	6	10	4	7	2	38	12	14	5	6	13	14	20	43	9	2	9	2	12	13	7	5	62	15	18	10	6	12	16	4	4	30	26	6	49	12
Thermotogales	2059	987	756	1478	368	1168	781	323	304	733	549	1294	214	290	542	569	752	375	418	276	469	406	311	407	340	428	596	522	667	573	798	840	596	368	570	556	629	798	1233	1888
Thermotomaculales	227	67	83	24	17	548	125	32	48	88	12	250	61	30	21	39	47	37	40	12	51	12	83	18	42	31	54	27	16	23	81	52	166	11	33	91	86	214	492	64
Thiohalobacterales	837	727	255	246	216	428	33	60	56	30	145	338	30	39	20	57	123	295	77	310	23	11	101	326	78	111	131	210	16	144	226	356	826	65	82	65	257	65	301	29
Thiohalomonadales	105	240	89	109	41	81	30	35	66	59	25	55	12	21	8	44	102	51	76	79	4	15	15	97	22	29	16	138	4	69	130	92	76	43	9	76	44	32	73	120
Thiotrichales	4758	3421	2175	3339	926	1855	1933	556	1319	2119	1638	3102	739	568	1298	1737	1959	1050	1735	1109	944	566	2432	2897	868	1709	1357	1578	1703	1189	1864	1802	1981	1121	1580	1435	1727	2597	3929	3431
Thumleimavirales	95	126	128	226	20	42	0	0	0	58	44	55	0	0	0	0	982	25	0	66	0	0	0	49	119	7	0	112	0	0	77	50	66	24	0	0	0	0	0	0
Tichowtungiales	437	392	132	175	80	316	20	65	117	107	71	167	24	36	258	38	251	60	106	185	91	11	130	184	80	72	31	70	67	185	78	91	81	72	42	217	55	46	214	83
Timlovirales	2	7	0	0	0	1	0	0	0	11	0	0	0	0	0	0	0	0	0	0	0	0	10	0	0	0	1	4	0	0	0	0	1	0	0	0	0	2	5	0
Tissierellales	27519	18181	10314	12241	4183	11040	7605	4062	4948	14958	5469	16729	3325	16100	8064	3378	11423	4789	8442	7860	6077	4150	8289	6980	34229	4776	8500	13720	9597	5874	10305	12468	7175	4706	6421	5584	11060	8805	17868	30537
Tolivirales	0	0	0	0	0	0	0	0	0	0	0	1	0	0	0	1	0	0	0	1	0	0	0	0	0	0	0	0	0	0	0	0	0	0	0	0	0	0	0	0
Tremellales	1234	842	542	699	331	1003	339	165	239	799	407	441	196	155	318	478	436	398	231	431	287	196	255	532	405	336	411	574	531	355	536	433	643	192	554	333	516	669	747	941
Trichomonadida	712	996	445	696	249	696	684	281	149	628	314	479	174	208	238	258	942	307	278	142	239	255	353	347	236	263	290	271	371	253	510	623	379	108	377	254	551	806	773	510
Trichosporonales	700	441	299	384	64	571	95	63	41	55	73	195	38	89	50	77	227	145	165	136	10	34	18	164	87	92	89	412	42	310	310	280	91	97	85	83	254	97	248	231
Trueperales	78	101	90	35	23	63	4	12	14	21	60	36	1	10	2	3	34	22	12	75	2	2	11	38	35	20	12	45	29	24	18	25	41	18	17	21	46	30	41	6
Trypanosomatida	1816	1390	907	995	457	1356	771	237	412	623	320	932	83	272	406	282	1006	545	514	955	246	190	368	633	387	416	528	1090	273	726	1021	722	404	502	592	440	931	866	1492	1094
Tubulavirales	0	0	39	1	0	0	0	7	3	0	22	0	0	0	0	0	1	0	0	1	0	0	0	8	0	3	0	36	0	0	29	14	0	0	0	34	0	3	0	0
Tymovirales	0	1	11	0	0	0	0	0	15	1	0	0	0	4	0	0	3	17	0	1	0	0	1	0	0	0	0	0	0	1	0	2	0	4	0	0	1	0	1	0
Ustilaginales	199	152	73	184	60	75	27	29	61	52	60	43	18	38	64	23	40	35	75	40	48	29	51	121	47	45	28	115	45	19	38	97	64	68	66	142	34	64	160	142
Veillonellales	2379272	284645	27105	44542	13829	64013	5187	47824	277017	10263	867248	748261	67546	16804	444981	32399	12412	23107	464907	659703	216303	21606	3326485	24516	42467	119152	55936	604154	48752	4383	6819	18038	497191	4761	197848	13505	440993	1461205	70710	5888053
Verrucomicrobiales	1810908	35088	39977	5761	2542	5758	1334614	1917787	2975	4850	2275	193908	935	1143	4965	11534	184269	53182	3246	2718804	3186	1190	2015385	4038	5027	214390	2604	6564	2351	3112	64994	18108	3246	2887	1978	2373	2389	5903	6352	4626
Vibrionales	11987	13161	8175	13652	3836	13004	6744	2282	5181	8266	6171	6737	3057	3206	5570	3819	10346	4930	6217	4447	4907	3602	6490	8048	4185	7808	5476	7805	6954	5974	8081	9816	8015	4661	6424	5839	8100	11088	15641	16589
Vicinamibacterales	1063	1000	743	753	189	460	222	243	108	215	166	399	13	171	160	323	387	308	313	476	30	61	47	547	194	241	76	979	95	537	914	688	164	316	21	356	311	162	379	474
Vinavirales	0	0	0	0	0	0	0	0	0	0	0	0	0	0	0	0	0	0	0	0	0	0	0	0	0	0	0	0	0	0	0	0	0	0	0	0	0	0	0	0
Vitales	5961	7338	2617	2590	913	2691	2822	1026	1427	1608	1620	3490	724	872	1127	1860	2701	1513	1226	1499	1031	1894	1947	2039	1467	1788	1445	2254	1967	1486	2204	2026	2472	1085	1649	1459	2114	2728	3650	2398
Vulcanimicrobiales	230	83	67	40	31	67	21	12	8	22	16	75	6	20	22	9	56	31	16	25	13	16	14	10	14	43	14	52	47	12	28	52	25	14	9	42	67	31	47	18
Woeseiales	63	32	76	20	16	25	2	8	12	7	25	8	1	15	5	2	39	11	3	96	2	5	11	21	4	12	11	36	23	6	14	22	12	7	21	42	70	20	46	5
Wolframvirales	4	1	0	0	0	0	0	0	0	0	1	0	0	0	0	0	1	0	0	0	0	0	0	0	0	0	0	3	0	0	0	7	0	0	0	0	0	3	0	0
Yadokarivirales	0	0	0	0	0	0	0	0	0	0	0	0	1	0	0	0	0	0	0	0	0	3	0	0	0	0	0	0	0	0	22	0	0	0	0	0	11	0	0	0
Zingiberales	37742	22114	8267	9952	3313	10371	9524	8559	4967	7579	6587	11460	2956	2944	4644	4813	12300	4774	8915	5852	4238	3805	10955	7561	4845	6039	5178	5377	8374	7069	9465	11113	15542	3312	7890	5532	6407	8014	16368	11455
Zurhausenvirales	1	0	0	0	0	0	1	0	2	2	0	1	0	3	1	1	1	1	2	1	0	0	1	2	1	1	0	0	0	0	1	3	0	0	0	0	4	4	1	1
