Taxonomy	SRR28210342	SRR28210343	SRR28210344	SRR28210345	SRR28210346	SRR28210347	SRR28210348	SRR28210349	SRR28210350	SRR28210351	SRR28210352	SRR28210353	SRR28210354	SRR28210355	SRR28210356	SRR28210357	SRR28210358	SRR28210359	SRR28210360	SRR28210361	SRR28210362	SRR28210363	SRR28210364	SRR28210365	SRR28210366	SRR28210367	SRR28210368	SRR28210369	SRR28210370	SRR28210371	SRR28210372	SRR28210373	SRR28210374	SRR28210375	SRR28210376	SRR28210377	SRR28210378	SRR28210379	SRR28210380	SRR28210381
Acidimicrobiia	2246	1585	1415	1275	230	1621	344	331	174	455	224	883	171	325	309	475	701	452	676	544	120	177	92	404	287	392	321	1652	284	798	1349	859	464	596	117	557	1333	373	906	1193
Acidithiobacillia	736	667	502	1011	213	744	331	84	380	163	199	336	120	101	141	266	504	321	241	336	119	141	194	439	182	182	155	450	165	231	259	457	429	224	168	483	254	425	1104	426
Aconoidasida	4373	4059	1802	2535	753	2538	2082	405	1541	1834	1589	2301	961	751	849	1465	2597	1259	2112	933	1240	1331	2405	1760	829	2288	1383	1499	1689	940	2428	1921	1754	782	1566	1228	1723	2749	4051	2421
Actinomycetes	2458729	2406382	5591360	7691717	2204269	1883177	1874381	8132621	3395435	678382	2196488	5338760	8054314	12880031	3651698	4950585	2150512	2203778	3475918	891267	11784150	712714	2438974	1758873	3103386	1408766	699176	6541420	2375503	237628	7330349	722992	2190930	2272503	6198888	1623001	10998704	2702426	3279896	13039202
Agaricomycetes	132	189	149	183	59	147	45	71	126	131	76	114	53	28	55	107	217	91	48	89	63	64	91	132	114	75	81	180	185	73	114	166	112	57	128	167	162	201	113	690
Ainoaviricetes	0	0	0	0	0	0	0	0	0	0	0	0	0	0	0	0	0	0	0	1	0	0	0	0	0	0	0	0	0	0	0	0	0	0	0	0	0	1	0	0
Alphaproteobacteria	271386	242958	164020	173868	52322	182720	58247	35719	53451	71946	66818	118022	18855	35588	72557	49280	103447	72273	95809	103486	24259	20678	50662	124729	45105	59480	60543	155909	46109	97434	125534	110237	96634	62918	45341	82227	113420	105852	206678	113166
Alsuviricetes	28	2	13	6	0	1	0	1	15	2	0	0	0	5	0	0	6	24	1	1	0	3	1	1	2	4	2	0	3	1	2	3	1	4	0	0	1	2	3	0
Amabiliviricetes	4	1	0	0	0	0	0	0	0	0	1	0	0	0	0	0	1	0	0	0	0	0	0	0	0	0	0	3	0	0	0	7	0	0	0	0	0	3	0	0
Anaerolineae	852	690	387	349	143	277	342	90	157	338	135	480	49	91	194	240	300	252	138	212	128	48	102	186	100	168	133	397	196	287	301	182	141	133	287	283	247	191	1083	416
Aquificia	904	723	516	406	145	443	88	76	112	476	295	631	166	127	107	112	434	187	219	114	99	75	167	271	235	190	320	195	378	149	436	469	649	114	250	194	184	485	703	599
Archaeoglobi	79	333	145	408	30	278	85	342	26	91	160	213	65	8	46	34	173	71	209	115	16	41	84	449	71	207	80	68	233	33	123	222	542	17	86	55	48	408	407	562
Ardenticatenia	433	442	367	459	51	449	14	66	51	131	65	138	15	125	143	219	182	150	130	137	4	34	51	312	119	95	153	507	30	392	364	304	152	191	54	104	334	181	480	85
Arfiviricetes	0	2	8	6	3	9	3	1	1	3	1	0	0	1	0	1	2	3	3	1	0	1	0	3	3	2	1	5	0	4	4	2	0	2	0	4	4	3	2	3
Armatimonadia	307	301	259	242	120	231	62	55	103	226	114	188	42	19	180	20	142	85	241	112	19	38	61	187	35	63	194	176	41	136	152	84	236	69	25	166	115	77	529	59
Atribacteria	269	84	122	138	24	46	151	120	38	65	129	36	4	31	14	31	100	18	28	98	13	9	25	21	80	20	32	54	45	74	61	70	235	10	28	58	23	29	94	383
Bacillariophyceae	38	177	8	89	58	29	18	5	7	173	66	32	7	20	26	57	27	58	5	6	39	22	17	37	19	50	46	121	150	61	58	82	18	33	29	86	59	26	167	84
Bacilli	455555	381443	307648	462293	272328	768779	269970	217233	218753	266334	518366	595154	122868	1119367	1346311	250166	390503	389110	451410	395394	733101	932271	361411	372208	3149702	256126	278702	382521	809129	809511	258401	459524	209293	136182	1158192	196421	957681	934286	445132	4738505
Bacteriovoracia	362	306	266	182	164	619	85	93	176	255	102	207	60	70	90	101	426	118	101	70	103	36	92	76	111	421	118	179	291	114	274	268	256	80	129	128	259	154	349	390
Bacteroidia	6288170	20371899	3368249	5490267	8907503	20707068	1242635	2439627	8454915	1910907	12047407	9011069	8887487	174046	4367019	996217	15963305	2372510	3286799	12535189	391493	593612	3999293	5840838	9577630	11895348	11241196	20410619	2626485	7979823	689668	4967052	10088723	8976006	1131798	6956837	5057217	21783337	25797504	2925828
Balneolia	158	320	108	165	97	247	27	16	58	15	63	39	9	14	0	26	89	117	39	207	0	7	40	103	58	135	69	125	23	59	28	90	62	31	4	56	19	224	688	35
Bangiophyceae	87	89	51	15	25	64	14	2	42	22	13	15	9	5	6	6	28	9	1	7	7	6	11	12	7	19	38	13	8	11	10	18	14	18	9	11	14	8	15	5
Bdellovibrionia	1137	931	475	498	141	840	405	125	563	299	468	508	118	185	160	84	555	219	341	342	110	101	337	362	159	491	183	357	267	275	445	482	251	249	283	335	724	441	1045	522
Betaproteobacteria	174783	248680	103197	202890	40526	116894	48180	22941	56324	44656	59374	182998	55179	30318	47978	40225	133596	102298	78640	80228	17558	14629	32494	86889	31630	61066	75528	103203	33178	75523	95506	87973	63719	64665	41404	86022	76330	96445	159426	137723
Blastocatellia	394	392	232	268	69	477	96	69	38	106	66	67	16	53	57	151	154	104	87	155	7	30	71	108	43	90	98	322	46	236	258	248	136	107	52	100	334	160	409	172
Bryopsida	3974	2559	1133	1492	624	1707	1398	513	731	1818	1038	1975	457	495	780	852	1626	997	1216	942	971	1029	825	1097	932	1445	1029	1235	1149	1392	1533	1460	1055	435	802	813	1198	1071	2211	1586
Caldilineae	403	464	454	356	80	640	233	97	48	131	51	169	43	83	59	172	180	97	120	41	54	22	43	156	78	124	91	411	56	91	567	362	114	151	50	90	90	244	329	215
Caldisericia	264	47	12	13	2	161	40	1	31	28	35	12	11	4	41	14	77	11	5	32	10	84	17	17	8	19	6	14	58	32	17	34	18	46	14	26	36	36	76	12
Calditrichia	91	265	35	226	28	217	580	28	30	27	95	42	35	4	61	14	112	17	61	26	20	47	714	530	50	110	34	27	189	64	147	210	241	40	175	14	40	262	681	561
Candidatus Babeliae	137	77	33	65	25	73	14	16	39	18	23	60	8	4	61	125	113	14	14	29	33	3	19	15	69	12	10	31	87	30	103	58	47	66	66	90	196	121	50	49
Candidatus Bipolaricaulia	94	63	53	21	19	30	2	7	9	16	31	35	509	0	9	2	9	1	13	39	0	6	0	13	13	11	4	19	3	6	5	51	26	2	0	12	8	23	38	6
Candidatus Brocadiia	33	172	43	437	36	68	67	26	37	138	24	20	28	13	47	42	83	43	43	38	34	37	17	52	33	32	51	80	64	24	33	53	62	48	44	79	122	72	98	215
Candidatus Cloacimonadia	143	74	144	42	35	86	26	23	14	195	28	21	2	21	16	11	58	16	23	7	3	39	42	16	13	29	21	49	39	74	16	93	24	21	11	21	18	37	14	38
Candidatus Desulfofervidia	92	102	20	47	12	100	7	30	64	8	6	5	11	3	9	18	53	20	7	54	19	13	15	8	0	9	73	12	6	27	39	16	23	12	48	5	27	72	148	4
Candidatus Izimaplasma	507	504	98	102	120	190	65	17	37	121	227	222	62	66	48	31	174	212	41	57	52	20	237	39	148	110	68	48	91	44	355	77	139	53	108	80	96	57	322	184
Candidatus Korarchaeia	0	0	0	0	0	1	0	65	0	0	0	0	0	69	1	0	0	0	0	0	0	0	2	0	1	0	0	0	0	244	0	0	0	0	0	0	0	0	0	0
Candidatus Lokiarchaeia	16	57	43	142	43	185	35	3	62	16	54	37	3	5	12	20	39	37	36	23	43	11	74	82	24	14	45	75	132	13	20	36	26	7	12	28	26	118	36	176
Candidatus Methanoliparia	1	6	1	4	3	6	109	1	0	71	9	2	0	0	1	2	40	0	1	0	0	0	1	24	3	40	6	5	5	0	4	5	3	2	4	1	0	7	15	4
Candidatus Micrarchaeia	3	6	4	5	0	0	0	0	0	0	0	1	0	1	0	4	0	0	0	0	0	0	0	0	0	43	0	0	0	2	0	8	0	1	0	0	0	0	45	0
Candidatus Nanohalobia	2	0	0	0	0	1	6	0	3	0	0	5	0	0	29	0	2	0	3	5	0	6	0	0	1	4	0	0	8	0	3	0	0	4	0	0	1	0	0	6
Candidatus Saccharimonadia	1723	2359	5221	4140	1974	1662	1271	737	2427	2326	290	3630	1219	7468	6611	1665	548	1551	2049	440	42791	2225	1138	1753	11678	781	1742	1079	4124	1018	534	2959	1781	1975	4542	437	1407	1075	1053	12714
Candidatus Thermofonsia	52	281	49	149	51	54	45	15	52	18	170	34	1	81	304	21	84	101	163	44	17	2	40	188	15	19	73	83	21	23	67	158	202	78	69	45	45	83	139	7
Candidatus Uabimicrobiia	59	90	78	90	22	221	9	22	10	44	66	90	52	8	31	22	190	19	8	58	6	31	20	117	42	25	41	31	44	12	32	36	48	4	60	32	20	74	96	156
Caudoviricetes	18936	531137	40099	166547	32263	360775	127464	3228	14316	1128	12174	2329	516	26615	3805	2782	40529	191857	27677	78209	9326	286274	22516	99470	4585	95798	2773	1269175	1890	6113	49092	4061	10288	6586	3867	84447	9650	26833	61698	6730
Chitinophagia	7273	11680	5409	5397	1983	9578	3307	1436	4563	2989	6769	3061	1441	1065	2197	1337	4791	3970	4181	5497	1450	1779	4637	6276	2055	11712	2641	3684	2184	2456	2987	3733	4176	2141	3283	2375	2588	6633	16966	4405
Chlamydiia	945	816	693	355	167	753	313	210	197	438	307	374	113	56	365	117	484	563	385	143	244	727	154	392	152	181	307	583	445	567	563	340	366	131	291	483	453	313	776	732
Chlorarachniophyceae	0	5	1	6	0	0	1	317	0	663	364	9	193	1	0	294	1057	1	0	2	251	288	374	0	1	0	10	1	450	0	5	0	409	0	1	20	9	0	0	18
Chlorobiia	3478	3090	2224	2221	690	2031	670	409	818	1077	750	1255	285	236	932	444	1512	928	1196	1514	328	457	1279	1429	690	1218	918	1713	716	941	1049	1297	1692	783	711	924	921	1683	3561	1696
Chloroflexia	816	1068	545	653	325	695	264	83	318	333	253	669	170	139	171	170	563	264	209	614	166	55	308	524	172	270	225	393	114	222	571	415	214	205	122	277	668	681	833	416
Chlorophyceae	1132	861	603	790	122	493	104	151	214	213	234	289	39	112	479	359	276	242	467	236	57	137	315	718	125	170	265	802	118	223	505	580	505	310	168	452	381	249	804	155
Chrymotiviricetes	0	30	0	0	1	12	0	0	0	0	0	0	0	0	0	0	2	0	0	0	0	0	2	1	0	0	0	2	0	1	1	0	0	0	0	0	0	0	0	0
Chrysiogenia	200	251	50	107	35	47	44	24	34	65	22	198	10	4	15	23	32	92	55	23	13	40	103	23	52	12	40	44	25	77	29	66	32	29	19	47	20	116	88	52
Chthonomonadia	32	182	62	32	39	18	9	10	51	50	42	64	5	7	6	10	6	2	6	54	21	1	19	23	28	38	4	15	41	10	28	77	31	12	10	22	13	16	57	6
Chunqiuviricetes	0	0	0	0	0	0	0	0	0	0	0	0	0	0	0	0	0	0	0	0	0	0	0	0	0	0	0	0	0	0	0	0	0	0	0	0	0	0	0	0
Clostridia	23665062	19241062	38683091	20979415	11631089	22082739	19158122	10875516	11311210	21030158	8438851	5562489	2222478	14972161	17326225	11389665	21624637	19751788	14175198	8049210	18566627	22564558	12656867	13805240	11632552	9167789	14064244	19121079	13795085	17194822	17768537	15151106	9169243	14939312	20249791	17457959	27433311	20537391	12751223	21231373
Conexivisphaeria	24	18	2	5	2	7	3	1	12	10	38	198	1	2	2	2	8	5	1	50	1	0	20	6	7	6	3	6	0	10	5	20	7	3	37	3	2	5	5	0
Conoidasida	630	839	407	562	230	706	404	157	184	290	172	330	129	163	177	191	710	223	241	387	266	159	130	237	204	493	290	677	176	409	598	407	525	174	161	257	334	368	821	715
Coprothermobacteria	5	30	26	25	10	1	1	4	1	7	12	8	6	11	4	3	11	1	4	9	1	8	5	3	11	0	26	15	13	20	2	12	4	1	5	9	32	0	9	0
Coriobacteriia	2026018	1661058	871016	1223095	627612	479977	153095	2839457	938830	292705	491266	2012732	1007349	322048	168496	76025	1050643	792684	1043094	620807	140764	854075	258088	823190	1201771	844665	51759	1729508	2268693	126181	478854	732449	65471	724819	174072	177263	282853	1863708	1980308	211574
Coscinodiscophyceae	161	161	76	83	39	78	3	97	3	102	37	19	11	26	64	48	37	66	31	51	61	12	35	69	12	25	32	87	112	40	109	121	36	72	33	63	72	58	146	127
Cryptophyceae	5	2	0	17	7	7	1	2	0	5	1	6	2	1	13	20	0	3	1	14	62	8	1	16	0	6	0	0	0	1	68	8	10	15	67	8	1	3	0	3
Cyanophyceae	18565	19760	12273	12355	3820	13423	7664	2830	5221	8260	6256	9895	2815	4078	6477	4923	11424	5732	8579	6182	3367	2545	7029	10090	4272	6841	5519	9432	6359	7074	9111	9344	8933	4330	5719	6235	8836	10082	19903	12890
Cytophagia	24001	35485	13887	17183	7545	27654	6256	3445	13753	7419	16303	10205	3461	3687	6549	3665	12872	11838	10303	18464	3452	3002	10982	16260	5658	27630	8625	14446	6301	9032	9189	12319	9136	5851	6174	7043	7928	20331	49671	11307
Deferribacteres	819	1022	488	715	204	829	698	580	274	323	626	541	269	111	161	169	660	201	412	215	271	162	920	826	331	613	303	329	485	262	492	668	741	134	320	275	187	1085	1221	581
Dehalococcoidia	2419	1414	537	1078	267	932	164	192	727	263	528	1220	111	65	364	340	2473	786	302	451	116	55	836	929	283	253	542	514	251	388	502	1158	576	685	561	331	422	1434	721	357
Deinococci	11318	9083	6351	6403	1909	7376	1745	1413	1858	2571	2187	4741	536	1334	2695	2041	4078	2529	4000	3064	812	763	1721	4866	1696	1676	2145	6687	1360	4961	5542	4475	3283	2591	1437	3619	4315	2985	7650	3244
Deltaproteobacteria	805	792	169	667	66	151	1011	135	156	66	147	391	21	58	91	169	212	110	510	230	49	76	1116	696	132	266	107	406	214	195	446	502	370	180	64	109	188	652	979	1043
Desulfarculia	787	684	398	699	181	365	200	305	97	174	232	531	42	59	325	163	174	299	411	210	36	37	93	457	165	258	177	778	74	178	516	328	371	178	128	179	336	279	594	52
Desulfobaccia	111	154	29	22	16	15	3	15	151	21	29	39	15	1	11	6	12	9	4	18	17	1	4	18	4	48	31	17	14	7	6	27	18	8	18	20	37	15	34	20
Desulfobacteria	5829	5857	3451	4414	1364	4429	2227	827	2187	2543	2355	2845	931	729	1673	1118	2954	1797	1800	1909	1004	970	2762	3461	1851	2612	1654	3354	2004	1673	2807	2738	3182	1222	1695	1653	1966	3982	5654	5018
Desulfobulbia	4143	3645	1857	2871	669	2456	1406	586	1243	1414	1097	1723	582	500	1173	912	2540	1204	1421	1191	766	448	1440	2153	1003	1691	1039	2008	1150	1526	1987	1715	1896	1020	965	1126	1892	2065	3659	2940
Desulfomonilia	67	64	81	28	36	68	30	45	7	92	19	21	23	13	84	22	70	37	24	31	27	9	12	25	25	11	62	100	92	34	45	46	20	66	46	90	85	89	69	208
Desulfovibrionia	97167	141343	23912	241623	5931	13583	4717	11115	7362	16845	20023	39026	1245	2227	10493	3385	11286	5573	9116	23327	2022	2089	5387	27407	21297	75766	4146	26190	8648	5556	18785	14361	30969	112505	4912	5725	8419	38882	42538	9219
Desulfurellia	96	19	34	6	12	28	19	6	15	21	14	38	0	3	15	14	17	4	5	7	0	17	16	24	0	14	25	26	18	19	14	24	71	7	16	5	34	11	29	20
Desulfuromonadia	13565	11557	7360	8105	2448	8959	4400	1869	2727	3791	2779	6358	1164	1618	3427	2531	5527	3841	4723	4788	1050	995	3880	6177	2678	3152	2829	7996	1786	5458	6238	5857	5663	2805	1819	3596	6067	5082	10583	6264
Dethiobacteria	187	166	344	268	97	562	139	38	72	304	282	364	82	39	81	29	190	68	15	119	66	25	97	100	42	110	56	201	140	105	159	485	106	43	98	42	54	403	238	302
Dictyoglomia	380	356	281	195	30	134	214	32	123	89	47	376	17	74	51	26	56	59	81	154	36	53	251	275	76	63	60	117	141	91	109	248	178	33	52	34	80	145	133	81
Dipodascomycetes	86	113	121	56	23	23	41	35	56	76	36	70	6	61	29	10	127	29	37	93	67	42	156	26	28	30	26	75	52	62	40	41	54	28	31	43	68	330	97	289
Dothideomycetes	702	809	465	627	192	760	218	102	224	387	321	336	35	182	188	244	340	271	328	360	155	225	171	451	222	227	223	578	227	520	640	342	190	181	235	220	549	304	723	510
Duplopiviricetes	8	2	0	0	0	0	0	0	0	0	0	0	0	0	0	1	0	0	0	0	0	0	0	2	0	0	0	1	0	0	22	0	0	0	3	0	0	0	0	0
Ellioviricetes	32	9	6	3	9	41	6	1	10	9	19	0	4	9	8	1	42	6	8	8	1	1	13	2	1	17	25	24	38	23	48	40	7	20	21	8	20	18	38	16
Elusimicrobia	47	131	60	52	2	2	11	11	19	5	23	298	13	0	0	1	27	25	5	34	2	4	13	44	18	161	16	18	12	5	100	24	5	7	17	8	20	15	6	16
Endomicrobiia	317	165	113	260	56	87	325	28	52	215	98	155	22	26	43	41	38	49	97	22	23	57	173	18	105	51	50	38	100	124	76	65	110	32	48	23	53	105	542	153
Epsilonproteobacteria	39555	60193	31016	36628	28176	16684	18004	6545	19793	41616	9249	18550	4213	14816	16850	15173	13886	29313	8656	12457	27182	20341	11438	12665	16124	39933	11997	13416	12030	33446	24275	21647	40009	12580	25680	18606	23326	17668	18936	75397
Erysipelotrichia	345146	185969	442667	320780	181985	199742	800708	118076	197721	317963	96178	114774	74543	247762	647625	260902	620797	34961	152336	260228	701707	554971	477328	179123	831660	152826	212354	399897	1571020	463740	366040	424396	154605	324399	1043905	66432	1627928	137389	114152	261069
Eumycetozoa	296	415	120	181	63	361	97	27	74	42	78	166	115	56	51	66	250	132	148	16	105	80	163	191	85	163	136	66	129	52	140	105	142	52	206	112	94	195	216	301
Eurotiomycetes	1626	1712	846	1242	201	1305	465	319	424	718	595	520	120	193	215	317	779	544	629	630	391	237	431	782	358	920	443	991	355	788	855	745	795	482	365	472	627	853	1828	831
Faserviricetes	0	0	39	1	0	0	0	7	3	0	22	0	0	0	0	0	1	0	0	1	0	0	0	8	0	3	0	36	0	0	29	14	0	0	0	34	0	3	0	0
Fibrobacteria	498	628	234	647	157	590	199	77	141	346	334	483	26	77	269	206	417	321	602	201	113	106	445	887	33	121	352	525	281	266	267	326	504	256	214	182	282	380	611	375
Fimbriimonadia	267	169	31	102	77	195	50	48	17	145	51	59	2	23	25	10	88	33	44	66	99	6	4	48	56	58	23	47	40	32	114	66	50	13	12	161	17	65	83	37
Flasuviricetes	8	11	7	33	8	2	0	0	7	2	2	0	0	0	0	0	12	14	4	2	2	0	0	2	0	5	6	4	0	0	12	6	2	0	0	14	0	18	0	1
Flavobacteriia	53738	75371	34729	35422	13687	69733	20857	8623	30256	22441	63179	30037	10226	9123	11983	12730	35938	23811	22035	26542	10812	11989	37242	30678	13751	78429	20624	21359	21631	35201	21871	33629	23188	10204	22818	18384	19710	39008	107524	31951
Fusobacteriia	19231	10839	5638	10186	2957	9064	6558	3542	3569	6705	4004	10566	2380	2636	3496	5386	8439	3504	2592	3935	4383	2447	8132	3910	18289	3580	6752	4520	66633	4140	6472	7493	3435	2222	7217	3709	6985	8790	10694	10016
Gammaproteobacteria	874608	455015	840716	2351834	2877268	4431512	138578	686991	196547	371588	522578	414544	16009187	101263	403242	455573	751322	302342	187619	231516	291336	3509835	434313	743444	700367	368929	536687	2776924	1820599	130055	176236	261965	641030	236192	524761	172493	3484917	2365945	1030979	484338
Gemmatimonadia	1121	950	519	421	302	531	149	78	240	111	215	550	150	115	214	79	247	163	273	278	43	69	103	432	180	266	231	427	273	160	283	401	275	183	74	296	531	217	998	172
Glomeromycetes	1963	1687	1181	1185	382	2150	905	416	476	993	818	1239	559	311	533	752	1355	1248	429	479	661	2465	636	858	569	813	622	581	893	586	803	1003	872	523	788	498	696	1636	2026	2369
Halobacteria	13237	11623	8678	7488	2341	9678	2001	1662	1845	2576	2458	4675	1406	1669	2277	2621	4239	2998	3453	4823	993	1006	1376	4721	2701	2656	2271	8144	2169	4232	6775	5395	3133	2963	1424	4528	6101	3981	8479	5181
Herviviricetes	60	32	10	14	12	58	23	2	7	48	33	2	9	3	8	12	18	15	5	4	1	2	1	118	40	11	106	20	8	4	19	77	86	22	2	8	16	7	25	9
Holophagae	3687	3079	1849	2217	805	2093	660	449	545	728	705	2935	215	270	1403	483	865	958	1248	1340	123	156	345	1195	645	572	732	1926	335	819	1093	1216	1360	743	272	1011	556	1231	2179	849
Howeltoviricetes	0	1	1	0	0	4	0	0	0	0	1	0	0	0	0	0	3	0	0	0	0	0	0	0	1	0	0	2	2	1	1	1	0	0	1	0	0	0	3	2
Huolimaviricetes	1	0	33	0	2	0	2	6	23	6	57	0	0	5	0	11	3	0	3	8	0	3	2	0	1	15	0	27	11	3	26	46	0	0	0	0	13	0	0	11
Hydrogenophilia	14	14	0	17	2	13	2	5	7	1	38	35	4	2	0	1	3	5	4	39	2	1	8	7	10	2	4	20	3	3	1	9	20	6	3	1	7	30	17	5
Ignavibacteria	715	651	251	407	87	257	724	11	339	62	288	380	54	91	123	34	270	140	369	90	20	89	1022	587	95	719	109	121	362	194	306	332	378	23	86	101	46	542	840	861
Insthoviricetes	0	0	0	0	0	0	0	0	0	0	0	0	0	0	0	0	0	0	0	0	0	0	0	0	0	0	0	0	0	0	0	0	0	0	0	0	0	0	0	0
Kinetoplastea	2633	2601	1402	1743	742	2150	1502	237	607	623	320	1476	83	512	663	282	1006	879	851	1139	246	190	368	1030	649	703	839	1420	273	1000	1653	1426	404	635	1050	715	1663	1720	2353	1641
Kiritimatiellia	474	370	299	193	134	186	26	55	73	73	120	292	27	16	71	29	149	76	106	94	46	2	24	196	62	52	58	92	71	228	49	195	118	56	45	139	146	104	175	26
Ktedonobacteria	331	211	30	221	41	189	20	9	57	38	29	237	21	53	64	10	96	114	62	91	29	29	42	139	80	25	24	59	14	20	297	122	293	68	8	45	281	102	299	5
Laserviricetes	1	2	0	0	0	0	0	0	0	0	0	1	0	0	0	0	0	1	0	0	0	0	0	0	1	0	1	0	0	131	0	0	0	22	0	0	0	0	0	0
Lentisphaeria	17	25	11	12	5	22	12	2	11	7	10	11	10	67	24	4	16	46	0	31	2	4	9	7	12	18	12	31	15	12	17	11	14	20	13	44	63	30	57	10
Leotiomycetes	183	179	44	183	28	43	137	17	16	21	38	88	25	26	26	16	88	74	48	48	39	14	137	158	93	51	31	46	50	164	119	72	32	11	43	48	44	29	85	185
Leviviricetes	15	18	7	9	19	1	48	40	5	11	7	4	0	0	3	72	45	5	8	2	0	6	10	5	0	10	9	9	105	0	68	18	9	3	63	51	69	24	22	171
Limnochordia	2642	1897	1482	931	369	741	89	111	476	526	195	1553	72	180	93	341	592	356	374	999	25	53	185	638	329	342	291	565	128	321	947	488	821	197	118	743	820	222	1118	430
Magnoliopsida	523770	494961	244866	316500	116130	332860	275516	137912	130340	219309	205732	292078	91629	94835	129437	153284	317462	213327	191976	166494	117518	148872	209978	204501	167569	198792	162728	179540	220509	164788	260883	272909	226121	99021	184247	162739	210285	264417	433039	354068
Magsaviricetes	0	0	0	0	0	30	11	5	0	0	0	0	0	0	7	0	0	0	0	0	0	0	0	0	0	0	0	11	0	0	0	0	0	0	10	0	0	0	0	0
Malasseziomycetes	268	219	164	234	51	181	25	32	23	34	107	137	13	13	116	16	183	99	119	109	5	17	26	187	96	155	73	185	38	97	84	117	95	61	83	82	26	79	217	51
Malgrandaviricetes	0	1755	71	2	0	0	0	0	7	0	42	938	0	0	0	0	0	0	0	0	0	0	1	0	144	22	0	0	0	1	0	1	5	0	0	0	0	583	0	2
Mamiellophyceae	913	615	384	264	170	433	73	111	153	107	156	341	72	43	270	90	218	126	192	220	174	72	86	396	139	150	143	239	206	153	343	281	145	113	124	103	348	127	232	352
Mammalia	65649	57908	32765	40741	13957	39239	36067	66685	16312	30382	22416	37640	28781	12709	17796	18055	40299	21673	23055	21489	16772	18164	24906	24762	17457	24566	20020	28330	28122	21691	32473	33349	35735	12939	23404	20732	26893	30950	47127	38976
Maveriviricetes	0	0	0	0	0	0	0	0	0	0	0	0	0	0	0	0	0	0	0	0	0	1	0	0	0	0	0	0	1	0	0	0	0	0	0	0	0	0	0	0
Megaviricetes	739	1610	175	190	67	466	184	832	108	96	321	337	221	101	117	41	660	217	447	97	77	116	122	149	116	284	160	146	189	170	252	288	59	112	433	69	143	205	203	142
Methanobacteria	1360	501855	1051	1048	427	1175	925	291	550	728	914	1128	366	452	508	1108	1517	452	836	341	642	398	748	1206	433	1094	575	843	1030	586	936	1306	1048	574	618	966	1186	1438	1387	3092
Methanococci	974	691	397	571	163	587	244	66	229	432	332	919	148	117	261	238	510	165	227	167	254	155	235	321	154	192	371	388	424	321	490	567	571	184	425	381	616	492	752	739
Methanomicrobia	3549	3705	2981	3052	1201	3066	2230	671	1369	2510	1453	2039	611	647	2062	1176	2624	1655	2051	1001	1107	897	1948	2579	1117	1821	1601	2082	1741	1680	2468	2345	2023	1236	1569	1590	2576	2469	3919	5630
Methanonatronarchaeia	11	47	2	7	0	1	3	2	9	3	1	3	0	0	1	2	16	2	22	0	6	3	6	2	0	2	7	2	30	12	4	14	1	6	6	0	3	5	0	4
Methanopyri	56	7	78	4	0	0	0	3	0	1	3	60	2	0	1	0	2	0	2	8	0	1	2	1	1	1	5	4	7	1	0	2	5	0	5	2	7	6	12	17
Methylacidiphilae	43	366	22	78	46	111	58	12	135	32	14	67	242	32	18	17	73	19	51	70	11	14	69	50	29	78	41	28	160	26	56	31	25	8	23	100	120	48	135	64
Miaviricetes	9	0	0	0	0	0	0	0	0	0	0	0	0	0	0	0	0	0	0	0	0	0	0	0	0	0	0	0	0	0	0	0	0	0	0	0	0	0	0	0
Milneviricetes	0	27	0	60	0	0	9	1	0	0	9	0	0	0	9	0	0	0	47	0	0	9	0	5	0	3	0	0	40	12	13	0	4	0	0	0	0	7	56	76
Mollicutes	18392	16826	3408	6603	2649	3887	4049	793	1795	3666	2854	12894	2267	899	2547	1190	5621	5180	2647	2392	2216	1952	4522	3618	2885	2760	2612	2619	4195	2458	8967	5805	3354	1304	2933	2355	3652	4883	13277	6092
Monjiviricetes	14	93	187	8	14	29	136	34	5	200	15	0	6	36	14	4	37	52	32	2	6	4	28	14	14	37	14	8	56	8	80	31	2	154	5	8	7	41	66	41
Mouviricetes	0	0	0	0	0	0	0	0	0	0	0	0	0	0	0	0	0	0	0	0	0	0	0	0	0	0	0	0	0	0	0	0	0	0	0	0	0	0	0	0
Myxococcia	16215	13814	8997	8169	2829	9712	2229	1779	2020	2731	3044	7331	405	1829	2581	2425	4697	3284	4745	5216	574	790	1581	6391	2558	2993	2506	9419	1633	4845	6802	6198	3803	3600	1675	5002	5776	4264	9072	4376
Naldaviricetes	79	174	29	187	29	143	36	15	26	68	106	29	9	19	85	192	68	22	13	93	18	1	116	22	53	52	22	21	57	43	89	99	173	3	230	44	36	131	204	33
Nanobdellia	16	36	6	1	3	6	5	2	17	5	14	2	0	0	4	23	3	0	3	3	5	2	4	5	2	133	1	9	2	4	2	5	0	1	12	1	3	5	1	7
Negativicutes	2723981	1194432	55319	5812834	246942	378747	42667	54385	1934916	737274	883706	783788	480769	25877	459327	12666346	315843	577231	651175	1019409	223450	36419	3347586	278890	181053	455535	66631	631659	414930	209589	104385	573473	628324	381465	208569	989069	497560	1558204	382876	6052725
Nitriliruptoria	701	389	277	243	141	223	44	58	69	47	104	503	23	22	52	22	107	78	57	176	4	15	43	169	57	89	110	290	47	23	156	253	240	108	50	229	14	112	220	43
Nitrososphaeria	424	642	214	302	127	311	253	41	184	276	103	102	109	59	132	144	332	329	211	77	76	142	136	206	191	150	197	329	147	103	189	233	117	145	171	249	244	248	448	661
Nitrospinia	345	519	327	312	93	212	210	52	126	102	216	138	0	60	398	36	242	152	453	51	20	28	206	427	46	60	152	200	137	91	171	222	375	71	187	156	88	250	364	181
Nitrospiria	784	788	389	475	129	393	297	90	302	371	193	334	53	70	249	121	300	206	297	206	104	79	309	361	191	170	267	354	240	243	276	293	202	166	140	236	310	671	588	794
Oligoflexia	517	341	67	262	117	319	113	34	89	176	86	201	84	47	64	121	206	69	150	46	105	35	92	154	39	268	95	117	170	155	170	196	210	128	105	173	153	78	335	206
Oligohymenophorea	309	77	126	104	5	171	33	321	114	28	201	105	52	1	0	1	187	2	57	148	0	40	3	0	80	0	1	1	56	3	55	40	555	10	1	0	0	87	0	2
Opitutia	3159	2711	1636	1617	634	2046	404	295	461	692	874	1614	254	330	857	377	990	681	1018	1280	349	182	627	1272	581	839	540	1658	670	706	1202	985	854	552	488	1005	997	858	2059	1333
Papovaviricetes	1	0	0	0	0	2	1	0	2	2	0	1	0	3	1	1	1	1	2	1	0	0	1	2	1	1	0	0	0	0	1	3	0	0	0	0	4	4	1	2
Phycisphaerae	1845	1674	957	771	379	1232	521	232	274	480	455	960	157	185	503	345	634	482	334	821	251	109	177	561	221	442	385	1013	484	620	1030	755	667	367	225	647	900	561	884	1050
Pichiomycetes	1073	1049	1142	681	307	662	640	176	477	520	539	687	131	239	335	185	734	334	411	320	315	287	467	519	308	504	297	748	555	407	731	731	415	244	401	3762	487	739	666	851
Pinopsida	33873	28037	15724	20730	7217	19360	17816	6949	8407	15240	11809	18779	6606	6651	9393	10143	21583	11579	13094	7498	8820	11296	15487	14382	9670	12832	10026	12016	14766	10711	17230	17769	12095	6270	12790	10904	14807	16144	28359	24503
Pisoniviricetes	12	27	11	1	11	6	7	1	5	0	0	2	0	1	0	16	79	7	4	13	2	0	4	19	10	16	8	3	4	3	3	4	6	6	2	18	1	31	10	3
Planctomycetia	10856	10471	6478	7378	2366	8664	2716	1379	2808	3363	2600	4349	1071	1942	2348	1998	4510	2671	2938	4364	1044	884	2170	4783	2080	2900	2467	6114	2226	4314	5120	4572	3550	2186	1604	3249	5116	4435	8657	5579
Pokkesviricetes	75	156	89	38	30	78	38	18	23	38	58	51	5	41	20	40	66	63	46	35	8	20	9	14	34	9	16	11	48	43	26	75	7	20	38	15	43	18	70	81
Polintoviricetes	0	0	0	0	0	0	0	0	0	0	0	0	0	0	0	0	0	0	0	0	0	0	0	0	0	0	0	0	0	0	0	0	0	0	0	0	0	0	0	0
Pucciniomycetes	469	370	382	410	136	663	232	244	121	466	219	123	97	175	258	104	385	234	356	154	147	140	323	288	172	310	277	451	388	237	355	271	215	133	238	211	251	359	705	314
Quintoviricetes	5	0	0	7	0	1	0	1	5	3	3	0	0	3	6	0	3	1	0	0	0	5	11	0	0	2	0	5	8	0	1	1	1	0	0	0	5	1	0	21
Repensiviricetes	6	8	3	1	0	3	1	1	0	0	1	2	0	0	0	0	7	17	1	0	0	0	0	0	0	3	20	1	0	2	0	32	1	0	0	1	4	3	2	0
Resentoviricetes	186	10	0	3	0	1	25	3	0	4	0	0	0	9	15	0	1	4	1	0	0	0	0	2	0	0	2	7	0	0	8	0	2	5	1	2	8	0	1	0
Revtraviricetes	180	10	0	24	3	41	0	91	1	6	4	34	62	15	18	2	22	49	21	7	18	0	20	41	1	5	21	8	4	12	7	2	27	9	21	38	1	27	10	15
Rhodothermia	1435	1509	775	769	281	1097	243	136	294	182	277	847	40	130	282	236	408	443	418	657	67	40	140	666	166	940	371	679	81	371	613	537	478	317	161	467	423	583	1360	203
Rubrobacteria	1629	1494	795	514	280	704	110	118	138	284	294	872	82	68	96	185	553	160	206	505	104	107	266	411	250	227	145	620	261	347	380	499	239	263	68	507	324	246	419	336
Saccharomycetes	1546	2851	1741	996	377	1466	1107	291	1574	972	846	927	371	369	1273	1539	1415	987	494	712	1925	214	953	762	578	763	667	839	819	817	1089	1353	1284	398	702	530	496	994	2313	3042
Saprospiria	807	1406	428	1059	172	705	274	120	482	257	564	731	203	41	733	99	544	200	538	295	87	199	644	903	213	1542	406	283	302	264	601	702	480	130	201	345	75	687	1566	326
Schizosaccharomycetes	407	293	190	144	48	290	97	73	319	55	208	69	34	38	26	14	151	150	51	80	23	36	188	81	31	77	83	138	26	37	141	122	57	30	58	53	26	83	210	95
Sordariomycetes	4835	4940	3120	3471	1306	3512	2149	963	1612	2325	1650	1838	649	1022	1896	1551	2990	1742	2326	1607	1663	703	1743	2776	1364	2046	1397	3335	1857	2217	3203	2558	1746	1484	1667	2104	2485	2445	5091	2911
Spartobacteria	33	4	0	41	11	24	5	1	7	19	2	1	2	5	11	4	22	13	2	0	7	0	1	8	2	9	26	29	11	32	1	6	2	4	28	33	0	32	71	12
Sphingobacteriia	10041	20233	9149	7144	3257	13938	3381	1636	8679	5832	13980	5369	2205	2166	2218	1768	8691	5886	6243	6860	1896	1380	8241	8694	2876	26039	4176	5551	3887	3778	3514	7227	4353	2820	4588	3546	4015	9783	33278	6965
Spirochaetia	23319	22902	16918	19226	6218	19728	15463	3858	6830	12911	9625	13828	3574	4602	11552	5606	14600	11156	11765	8084	6262	6873	14961	16376	6738	10597	10082	18498	15454	11488	15137	14981	16317	8956	9649	8308	13496	17506	29362	25785
Stelpaviricetes	34	3	6	6	7	0	0	3	0	2	2	20	1	0	8	1	0	2	4	5	0	3	0	3	2	0	0	3	0	2	1	0	4	2	4	5	11	24	12	0
Synergistia	12291	11843	44417	7050	2008	5672	1194	846	1447	1545	3653	5641	543	646	1871	1467	2490	1839	1856	85201	795	679	2920	3482	1315	4474	2270	4140	1386	1820	2762	10559	6786	1811	1530	2745	3373	3497	6770	4250
Syntrophia	89	149	118	53	37	109	12	25	38	24	38	140	29	18	19	7	34	46	31	105	31	14	37	73	52	35	23	35	82	36	43	29	77	34	23	20	87	114	256	63
Syntrophobacteria	416	382	205	422	47	291	63	78	98	121	177	273	23	48	67	59	222	147	302	115	55	53	100	348	137	65	112	277	73	133	219	200	374	171	118	104	99	304	318	266
Tectiliviricetes	76	8	0	1	4	2	0	0	1	9	1	2	2	8	2	2	2	3	0	2	1	3	2	2	14	0	0	98	3	3	76	9	2	1	0	0	4	8	18	1
Tepidiformia	537	563	381	420	99	366	253	66	47	143	45	164	13	70	59	89	146	101	102	119	23	49	107	207	94	130	55	358	62	104	282	109	101	156	37	107	303	210	240	418
Terriglobia	4145	4191	2594	2829	998	3128	893	641	996	1430	1128	2135	524	686	1015	1039	1793	1170	1362	1963	459	469	759	2191	809	937	842	2742	1196	1302	2126	1722	1462	934	1065	1360	1993	1947	3672	3087
Thermococci	1295	1233	616	853	258	1261	546	141	375	499	321	799	120	126	441	288	585	274	151	248	145	187	388	557	418	280	330	595	403	479	334	651	522	243	151	332	619	443	1147	1231
Thermodesulfobacteria	505	335	179	236	88	159	151	48	139	207	262	364	114	35	69	55	261	162	134	136	44	118	133	104	199	66	160	125	107	220	215	200	88	69	120	158	112	338	138	175
Thermodesulfobiia	105	38	33	44	13	33	48	8	47	11	18	69	17	8	4	16	29	14	26	20	16	9	20	17	23	16	37	38	24	20	70	31	92	52	17	19	35	35	47	68
Thermodesulfovibrionia	547	225	284	160	71	189	137	81	152	204	130	257	115	132	125	53	291	101	73	78	109	72	114	128	88	141	191	103	191	235	168	211	96	98	126	156	135	144	275	340
Thermoflexia	614	247	166	151	40	58	4	14	222	54	72	121	12	24	7	9	266	33	61	49	6	3	199	170	10	26	24	66	15	170	79	62	55	12	16	64	27	43	177	16
Thermoleophilia	4244	3702	2446	2626	919	3229	480	349	489	860	1013	2202	220	418	706	812	1577	967	1114	1655	128	250	315	1627	657	743	602	2724	427	1371	2041	1956	924	886	411	1407	1797	973	2117	1708
Thermomicrobia	418	399	267	272	53	167	20	42	54	38	132	480	19	21	32	20	114	95	122	110	8	14	62	218	58	76	63	123	56	37	136	142	131	79	60	162	79	96	227	95
Thermoplasmata	588	508	327	202	174	391	210	135	184	243	101	163	116	117	189	264	451	105	223	262	327	174	167	393	104	153	143	299	472	252	529	401	292	175	155	178	411	458	553	340
Thermoprotei	1558	913	743	579	280	728	627	392	381	548	393	741	138	217	469	267	540	281	540	370	330	186	270	414	335	238	378	522	583	388	630	603	650	172	449	261	486	768	829	655
Thermosulfidibacteria	66	25	6	31	6	10	4	7	2	38	12	14	5	6	13	14	20	43	9	2	9	2	12	13	7	5	62	15	18	10	6	12	16	4	4	30	26	6	49	12
Thermotogae	4395	2595	1335	2193	719	1944	1394	502	892	1466	969	2428	361	538	843	944	1721	633	881	734	807	601	767	1067	778	1077	989	1134	1341	1210	2135	1882	1199	892	1110	918	1123	1915	2188	2667
Tichowtungiia	437	392	132	175	80	316	20	65	117	107	71	167	24	36	258	38	251	60	106	185	91	11	130	184	80	72	31	70	67	185	78	91	81	72	42	217	55	46	214	83
Tissierellia	30795	20408	11735	14607	4733	13067	11249	4450	5499	16279	6884	18386	4158	16679	8892	3875	14359	5538	9649	7860	6727	4955	10935	9031	35005	5853	9915	14622	11721	7236	12216	14488	9440	5224	7674	6309	12062	11695	20853	34938
Tokiviricetes	6	24	19	14	4	9	0	10	1	9	2	3	2	3	14	5	26	3	0	6	3	4	11	4	2	20	25	1	3	3	12	10	8	6	9	3	2	3	4	3
Tolucaviricetes	0	0	0	0	0	0	0	0	0	0	0	1	0	0	0	1	0	0	0	1	0	0	0	0	0	0	0	0	0	0	0	0	0	0	0	0	0	0	0	0
Tremellomycetes	1934	1283	842	1083	395	1575	434	228	280	855	481	636	234	244	369	556	664	544	396	567	298	231	274	696	492	429	501	987	573	666	847	714	734	290	639	417	770	767	995	1173
Ustilaginomycetes	199	152	73	184	60	75	27	29	61	52	60	43	18	38	64	23	40	35	75	40	48	29	51	121	47	45	28	115	45	19	38	97	64	68	66	142	34	64	160	142
Verrucomicrobiia	1811223	35171	40047	5820	2572	5818	1334616	1917804	3009	4878	2297	193959	944	1169	4970	11548	184376	53212	3252	2718994	3198	1216	2015404	4198	5061	214422	2620	6605	2360	3112	65038	18154	3288	2977	1986	2418	2411	6036	6643	4633
Vicinamibacteria	669	607	511	485	120	460	126	174	70	109	100	332	13	117	103	171	232	204	226	321	23	31	47	439	151	151	76	657	49	301	655	440	164	209	21	256	311	162	379	301
Vidaverviricetes	0	1	6	0	4	0	0	0	29	0	1	8	0	0	0	11	0	19	0	7	0	0	0	0	3	19	0	0	10	0	0	4	0	0	0	0	0	0	0	0
Vulcanimicrobiia	230	83	67	40	31	67	21	12	8	22	16	75	6	20	22	9	56	31	16	25	13	16	14	10	14	43	14	52	47	12	28	52	25	14	9	42	67	31	47	18
Yunchangviricetes	0	0	0	0	0	0	0	0	0	0	0	0	0	0	0	0	0	0	0	0	0	0	0	0	0	0	0	0	0	0	0	0	0	0	0	0	0	0	0	0
Zetaproteobacteria	90	223	189	97	75	140	203	21	146	91	67	123	14	41	22	20	100	31	67	158	51	29	198	37	81	53	16	46	56	106	79	118	155	19	174	135	311	84	165	103
